673
0 1 1.0
1 2 1.0
2 3 1.0
3 4 1.0
4 5 1.0
5 6 1.0
6 7 1.0
7 8 1.0
8 9 1.0
9 10 1.0
10 11 1.0
11 12 1.0
12 13 1.0
13 14 1.0
14 15 1.0
15 16 1.0
16 17 1.0
17 18 1.0
18 19 1.0
0 20 1.0
20 21 1.0
1 21 1.0
0 21 1.1412135623
21 22 1.0
2 22 1.0
1 22 1.1412135623
22 23 1.0
3 23 1.0
2 23 1.1412135623
23 24 1.0
4 24 1.0
3 24 1.1412135623
24 25 1.0
4 25 1.0
25 26 1.0
5 26 1.0
4 26 1.1412135623
26 27 1.0
6 27 1.0
5 27 1.1412135623
27 28 1.0
7 28 1.0
6 28 1.1412135623
28 29 1.0
8 29 1.0
7 29 1.1412135623
29 30 1.0
9 30 1.0
8 30 1.1412135623
30 31 1.0
9 31 1.0
31 32 1.0
10 32 1.0
9 32 1.1412135623
32 33 1.0
11 33 1.0
10 33 1.1412135623
33 34 1.0
12 34 1.0
11 34 1.1412135623
34 35 1.0
13 35 1.0
12 35 1.1412135623
35 36 1.0
14 36 1.0
13 36 1.1412135623
36 37 1.0
14 37 1.0
37 38 1.0
15 38 1.0
14 38 1.1412135623
38 39 1.0
16 39 1.0
15 39 1.1412135623
39 40 1.0
17 40 1.0
16 40 1.1412135623
40 41 1.0
18 41 1.0
17 41 1.1412135623
41 42 1.0
19 42 1.0
18 42 1.1412135623
42 43 1.0
19 43 1.0
20 44 1.0
44 45 1.0
21 45 1.0
20 45 1.1412135623
45 46 1.0
22 46 1.0
21 46 1.1412135623
46 47 1.0
23 47 1.0
22 47 1.1412135623
47 48 1.0
24 48 1.0
23 48 1.1412135623
48 49 1.0
24 49 1.0
49 50 1.0
25 50 1.0
24 50 1.1412135623
50 51 1.0
26 51 1.0
25 51 1.1412135623
51 52 1.0
27 52 1.0
26 52 1.1412135623
52 53 1.0
28 53 1.0
27 53 1.1412135623
53 54 1.0
29 54 1.0
28 54 1.1412135623
54 55 1.0
29 55 1.0
55 56 1.0
30 56 1.0
29 56 1.1412135623
56 57 1.0
31 57 1.0
30 57 1.1412135623
57 58 1.0
32 58 1.0
31 58 1.1412135623
58 59 1.0
33 59 1.0
32 59 1.1412135623
59 60 1.0
34 60 1.0
33 60 1.1412135623
60 61 1.0
34 61 1.0
61 62 1.0
35 62 1.0
34 62 1.1412135623
62 63 1.0
36 63 1.0
35 63 1.1412135623
63 64 1.0
37 64 1.0
36 64 1.1412135623
64 65 1.0
38 65 1.0
37 65 1.1412135623
65 66 1.0
39 66 1.0
38 66 1.1412135623
66 67 1.0
39 67 1.0
67 68 1.0
40 68 1.0
39 68 1.1412135623
68 69 1.0
41 69 1.0
40 69 1.1412135623
69 70 1.0
42 70 1.0
41 70 1.1412135623
70 71 1.0
43 71 1.0
42 71 1.1412135623
44 72 1.0
72 73 1.0
44 73 1.0
73 74 1.0
45 74 1.0
44 74 1.1412135623
74 75 1.0
46 75 1.0
45 75 1.1412135623
75 76 1.0
47 76 1.0
46 76 1.1412135623
76 77 1.0
48 77 1.0
47 77 1.1412135623
77 78 1.0
49 78 1.0
48 78 1.1412135623
78 79 1.0
49 79 1.0
79 80 1.0
50 80 1.0
49 80 1.1412135623
80 81 1.0
51 81 1.0
50 81 1.1412135623
81 82 1.0
52 82 1.0
51 82 1.1412135623
82 83 1.0
53 83 1.0
52 83 1.1412135623
83 84 1.0
54 84 1.0
53 84 1.1412135623
84 85 1.0
54 85 1.0
85 86 1.0
55 86 1.0
54 86 1.1412135623
86 87 1.0
56 87 1.0
55 87 1.1412135623
87 88 1.0
57 88 1.0
56 88 1.1412135623
88 89 1.0
58 89 1.0
57 89 1.1412135623
89 90 1.0
59 90 1.0
58 90 1.1412135623
90 91 1.0
59 91 1.0
91 92 1.0
60 92 1.0
59 92 1.1412135623
92 93 1.0
61 93 1.0
60 93 1.1412135623
93 94 1.0
62 94 1.0
61 94 1.1412135623
94 95 1.0
63 95 1.0
62 95 1.1412135623
95 96 1.0
64 96 1.0
63 96 1.1412135623
96 97 1.0
64 97 1.0
97 98 1.0
65 98 1.0
64 98 1.1412135623
98 99 1.0
66 99 1.0
65 99 1.1412135623
99 100 1.0
67 100 1.0
66 100 1.1412135623
100 101 1.0
68 101 1.0
67 101 1.1412135623
101 102 1.0
69 102 1.0
68 102 1.1412135623
102 103 1.0
69 103 1.0
103 104 1.0
70 104 1.0
69 104 1.1412135623
104 105 1.0
71 105 1.0
70 105 1.1412135623
72 106 1.0
106 107 1.0
73 107 1.0
72 107 1.1412135623
107 108 1.0
74 108 1.0
73 108 1.1412135623
108 109 1.0
74 109 1.0
109 110 1.0
75 110 1.0
74 110 1.1412135623
110 111 1.0
76 111 1.0
75 111 1.1412135623
111 112 1.0
77 112 1.0
76 112 1.1412135623
112 113 1.0
78 113 1.0
77 113 1.1412135623
113 114 1.0
79 114 1.0
78 114 1.1412135623
114 115 1.0
79 115 1.0
115 116 1.0
80 116 1.0
79 116 1.1412135623
116 117 1.0
81 117 1.0
80 117 1.1412135623
117 118 1.0
82 118 1.0
81 118 1.1412135623
118 119 1.0
83 119 1.0
82 119 1.1412135623
119 120 1.0
84 120 1.0
83 120 1.1412135623
120 121 1.0
84 121 1.0
121 122 1.0
85 122 1.0
84 122 1.1412135623
122 123 1.0
86 123 1.0
85 123 1.1412135623
123 124 1.0
87 124 1.0
86 124 1.1412135623
124 125 1.0
88 125 1.0
87 125 1.1412135623
125 126 1.0
89 126 1.0
88 126 1.1412135623
126 127 1.0
89 127 1.0
127 128 1.0
90 128 1.0
89 128 1.1412135623
128 129 1.0
91 129 1.0
90 129 1.1412135623
129 130 1.0
92 130 1.0
91 130 1.1412135623
130 131 1.0
93 131 1.0
92 131 1.1412135623
131 132 1.0
94 132 1.0
93 132 1.1412135623
132 133 1.0
94 133 1.0
133 134 1.0
95 134 1.0
94 134 1.1412135623
134 135 1.0
96 135 1.0
95 135 1.1412135623
135 136 1.0
97 136 1.0
96 136 1.1412135623
136 137 1.0
98 137 1.0
97 137 1.1412135623
137 138 1.0
99 138 1.0
98 138 1.1412135623
138 139 1.0
99 139 1.0
139 140 1.0
100 140 1.0
99 140 1.1412135623
140 141 1.0
101 141 1.0
100 141 1.1412135623
141 142 1.0
102 142 1.0
101 142 1.1412135623
142 143 1.0
103 143 1.0
102 143 1.1412135623
143 144 1.0
104 144 1.0
103 144 1.1412135623
144 145 1.0
104 145 1.0
145 146 1.0
105 146 1.0
104 146 1.1412135623
106 147 1.0
147 148 1.0
107 148 1.0
106 148 1.1412135623
148 149 1.0
108 149 1.0
107 149 1.1412135623
149 150 1.0
109 150 1.0
108 150 1.1412135623
150 151 1.0
109 151 1.0
151 152 1.0
110 152 1.0
109 152 1.1412135623
152 153 1.0
111 153 1.0
110 153 1.1412135623
153 154 1.0
112 154 1.0
111 154 1.1412135623
154 155 1.0
113 155 1.0
112 155 1.1412135623
155 156 1.0
114 156 1.0
113 156 1.1412135623
156 157 1.0
114 157 1.0
157 158 1.0
115 158 1.0
114 158 1.1412135623
158 159 1.0
116 159 1.0
115 159 1.1412135623
159 160 1.0
117 160 1.0
116 160 1.1412135623
160 161 1.0
118 161 1.0
117 161 1.1412135623
161 162 1.0
119 162 1.0
118 162 1.1412135623
162 163 1.0
119 163 1.0
163 164 1.0
120 164 1.0
119 164 1.1412135623
164 165 1.0
121 165 1.0
120 165 1.1412135623
165 166 1.0
122 166 1.0
121 166 1.1412135623
166 167 1.0
123 167 1.0
122 167 1.1412135623
167 168 1.0
124 168 1.0
123 168 1.1412135623
168 169 1.0
124 169 1.0
169 170 1.0
125 170 1.0
124 170 1.1412135623
170 171 1.0
126 171 1.0
125 171 1.1412135623
171 172 1.0
127 172 1.0
126 172 1.1412135623
172 173 1.0
128 173 1.0
127 173 1.1412135623
173 174 1.0
129 174 1.0
128 174 1.1412135623
174 175 1.0
129 175 1.0
175 176 1.0
130 176 1.0
129 176 1.1412135623
176 177 1.0
131 177 1.0
130 177 1.1412135623
177 178 1.0
132 178 1.0
131 178 1.1412135623
178 179 1.0
133 179 1.0
132 179 1.1412135623
179 180 1.0
134 180 1.0
133 180 1.1412135623
180 181 1.0
134 181 1.0
181 182 1.0
135 182 1.0
134 182 1.1412135623
182 183 1.0
136 183 1.0
135 183 1.1412135623
183 184 1.0
137 184 1.0
136 184 1.1412135623
184 185 1.0
138 185 1.0
137 185 1.1412135623
185 186 1.0
139 186 1.0
138 186 1.1412135623
186 187 1.0
139 187 1.0
187 188 1.0
140 188 1.0
139 188 1.1412135623
188 189 1.0
141 189 1.0
140 189 1.1412135623
189 190 1.0
142 190 1.0
141 190 1.1412135623
190 191 1.0
143 191 1.0
142 191 1.1412135623
191 192 1.0
144 192 1.0
143 192 1.1412135623
192 193 1.0
144 193 1.0
193 194 1.0
145 194 1.0
144 194 1.1412135623
194 195 1.0
146 195 1.0
145 195 1.1412135623
147 196 1.0
196 197 1.0
148 197 1.0
147 197 1.1412135623
197 198 1.0
149 198 1.0
148 198 1.1412135623
198 199 1.0
149 199 1.0
199 200 1.0
150 200 1.0
149 200 1.1412135623
200 201 1.0
151 201 1.0
150 201 1.1412135623
201 202 1.0
152 202 1.0
151 202 1.1412135623
202 203 1.0
153 203 1.0
152 203 1.1412135623
203 204 1.0
154 204 1.0
153 204 1.1412135623
204 205 1.0
154 205 1.0
205 206 1.0
155 206 1.0
154 206 1.1412135623
206 207 1.0
156 207 1.0
155 207 1.1412135623
207 208 1.0
157 208 1.0
156 208 1.1412135623
208 209 1.0
158 209 1.0
157 209 1.1412135623
209 210 1.0
159 210 1.0
158 210 1.1412135623
210 211 1.0
159 211 1.0
211 212 1.0
160 212 1.0
159 212 1.1412135623
212 213 1.0
161 213 1.0
160 213 1.1412135623
213 214 1.0
162 214 1.0
161 214 1.1412135623
214 215 1.0
163 215 1.0
162 215 1.1412135623
215 216 1.0
164 216 1.0
163 216 1.1412135623
216 217 1.0
164 217 1.0
217 218 1.0
165 218 1.0
164 218 1.1412135623
218 219 1.0
166 219 1.0
165 219 1.1412135623
219 220 1.0
167 220 1.0
166 220 1.1412135623
220 221 1.0
168 221 1.0
167 221 1.1412135623
221 222 1.0
169 222 1.0
168 222 1.1412135623
222 223 1.0
169 223 1.0
223 224 1.0
170 224 1.0
169 224 1.1412135623
224 225 1.0
171 225 1.0
170 225 1.1412135623
225 226 1.0
172 226 1.0
171 226 1.1412135623
226 227 1.0
173 227 1.0
172 227 1.1412135623
227 228 1.0
174 228 1.0
173 228 1.1412135623
228 229 1.0
174 229 1.0
229 230 1.0
175 230 1.0
174 230 1.1412135623
230 231 1.0
176 231 1.0
175 231 1.1412135623
231 232 1.0
177 232 1.0
176 232 1.1412135623
232 233 1.0
178 233 1.0
177 233 1.1412135623
233 234 1.0
179 234 1.0
178 234 1.1412135623
234 235 1.0
179 235 1.0
235 236 1.0
180 236 1.0
179 236 1.1412135623
236 237 1.0
181 237 1.0
180 237 1.1412135623
237 238 1.0
182 238 1.0
181 238 1.1412135623
238 239 1.0
183 239 1.0
182 239 1.1412135623
239 240 1.0
184 240 1.0
183 240 1.1412135623
240 241 1.0
184 241 1.0
241 242 1.0
185 242 1.0
184 242 1.1412135623
242 243 1.0
186 243 1.0
185 243 1.1412135623
243 244 1.0
187 244 1.0
186 244 1.1412135623
244 245 1.0
188 245 1.0
187 245 1.1412135623
245 246 1.0
189 246 1.0
188 246 1.1412135623
246 247 1.0
189 247 1.0
247 248 1.0
190 248 1.0
189 248 1.1412135623
248 249 1.0
191 249 1.0
190 249 1.1412135623
249 250 1.0
192 250 1.0
191 250 1.1412135623
250 251 1.0
193 251 1.0
192 251 1.1412135623
251 252 1.0
194 252 1.0
193 252 1.1412135623
252 253 1.0
194 253 1.0
253 254 1.0
195 254 1.0
194 254 1.1412135623
