3125
30 31 0 68
1 31 0 32
0 31 1 30
31 32 1 70
2 32 1 33
1 32 2 31
32 33 2 71
3 33 2 34
2 33 32 3
33 34 72 3
3 34 33 35
34 35 73 3
4 35 3 36
3 35 34 4
35 36 75 4
5 36 4 37
4 36 35 5
36 37 76 5
6 37 5 38
5 37 36 6
37 38 77 6
7 38 6 39
6 38 37 7
38 39 78 7
7 39 40 38
39 40 80 7
8 40 41 7
7 40 8 39
40 41 8 81
9 41 8 42
8 41 40 9
41 42 9 82
10 42 9 43
9 42 41 10
42 43 10 83
11 43 10 44
10 43 42 11
43 44 11 85
11 44 43 45
44 45 11 86
12 45 11 46
11 45 12 44
45 46 12 87
13 46 12 47
12 46 13 45
46 47 88 13
14 47 48 13
13 47 14 46
47 48 90 14
15 48 49 14
14 48 15 47
48 49 91 15
15 49 48 50
49 50 92 15
16 50 51 15
15 50 16 49
50 51 16 93
17 51 16 52
16 51 17 50
51 52 17 95
18 52 17 53
17 52 18 51
52 53 96 18
19 53 18 54
18 53 19 52
53 54 97 19
19 54 53 55
54 55 98 19
20 55 56 19
19 55 20 54
55 56 20 100
21 56 57 20
20 56 21 55
56 57 101 21
22 57 58 21
21 57 56 22
57 58 22 102
23 58 59 22
22 58 57 23
58 59 23 103
23 59 58 60
59 60 105 23
24 60 61 23
23 60 24 59
60 61 24 106
25 61 24 62
24 61 25 60
61 62 25 107
26 62 25 63
25 62 26 61
62 63 26 108
27 63 64 26
26 63 27 62
63 64 27 110
27 64 65 63
64 65 27 111
28 65 66 27
27 65 64 28
65 66 112 28
28 66 65 29
67 68 115 30
31 68 69 30
30 68 67 31
68 69 116 31
31 69 68 70
69 70 117 31
32 70 31 71
31 70 32 69
70 71 32 118
33 71 32 72
32 71 33 70
71 72 120 33
34 72 33 73
33 72 34 71
72 73 121 34
35 73 34 74
34 73 72 35
73 74 122 35
35 74 73 75
74 75 35 123
36 75 35 76
35 75 74 36
75 76 36 125
37 76 36 77
36 76 75 37
76 77 37 126
38 77 37 78
37 77 76 38
77 78 38 127
39 78 38 79
38 78 77 39
78 79 128 39
39 79 80 78
79 80 130 39
40 80 81 39
39 80 40 79
80 81 40 131
41 81 40 82
40 81 80 41
81 82 41 132
42 82 41 83
41 82 81 42
82 83 42 133
43 83 42 84
42 83 82 43
83 84 43 135
43 84 83 85
84 85 136 43
44 85 43 86
43 85 84 44
85 86 137 44
45 86 44 87
44 86 45 85
86 87 138 45
46 87 88 45
45 87 86 46
87 88 140 46
47 88 89 46
46 88 87 47
88 89 141 47
47 89 88 90
89 90 142 47
48 90 91 47
47 90 48 89
90 91 48 143
49 91 48 92
48 91 49 90
91 92 145 49
50 92 49 93
49 92 50 91
92 93 146 50
51 93 50 94
50 93 51 92
93 94 51 147
51 94 93 95
94 95 51 148
52 95 96 51
51 95 52 94
95 96 52 150
53 96 97 52
52 96 53 95
96 97 53 151
54 97 98 53
53 97 96 54
97 98 152 54
55 98 99 54
54 98 97 55
98 99 153 55
55 99 98 100
99 100 155 55
56 100 101 55
55 100 56 99
100 101 56 156
57 101 56 102
56 101 57 100
101 102 57 157
58 102 57 103
57 102 58 101
102 103 58 158
59 103 104 58
58 103 59 102
103 104 160 59
59 104 105 103
104 105 161 59
60 105 106 59
59 105 104 60
105 106 162 60
61 106 107 60
60 106 105 61
106 107 163 61
62 107 108 61
61 107 106 62
107 108 165 62
63 108 109 62
62 108 107 63
108 109 166 63
63 109 108 110
109 110 63 167
64 110 63 111
63 110 64 109
110 111 64 168
65 111 64 112
64 111 65 110
111 112 65 170
65 112 66 111
113 114 67 172
67 114 113 115
114 115 67 173
68 115 67 116
67 115 114 68
115 116 68 175
69 116 68 117
68 116 115 69
116 117 176 69
70 117 69 118
69 117 116 70
117 118 177 70
71 118 70 119
70 118 117 71
118 119 178 71
71 119 120 118
119 120 180 71
72 120 121 71
71 120 72 119
120 121 72 181
73 121 72 122
72 121 120 73
121 122 73 182
74 122 73 123
73 122 121 74
122 123 74 183
75 123 74 124
74 123 122 75
123 124 185 75
75 124 123 125
124 125 186 75
76 125 75 126
75 125 124 76
125 126 187 76
77 126 76 127
76 126 77 125
126 127 188 77
78 127 128 77
77 127 126 78
127 128 190 78
79 128 129 78
78 128 127 79
128 129 79 191
79 129 128 130
129 130 192 79
80 130 131 79
79 130 80 129
130 131 80 193
81 131 80 132
80 131 81 130
131 132 81 195
82 132 81 133
81 132 82 131
132 133 82 196
83 133 82 134
82 133 83 132
133 134 83 197
83 134 133 135
134 135 83 198
84 135 136 83
83 135 84 134
135 136 200 84
85 136 137 84
84 136 85 135
136 137 201 85
86 137 138 85
85 137 136 86
137 138 202 86
87 138 139 86
86 138 137 87
138 139 203 87
87 139 138 140
139 140 205 87
88 140 141 87
87 140 88 139
140 141 88 206
89 141 88 142
88 141 89 140
141 142 89 207
90 142 89 143
89 142 90 141
142 143 208 90
91 143 144 90
90 143 91 142
143 144 210 91
91 144 145 143
144 145 91 211
92 145 146 91
91 145 144 92
145 146 92 212
93 146 147 92
92 146 145 93
146 147 213 93
94 147 148 93
93 147 146 94
147 148 94 215
95 148 149 94
94 148 147 95
148 149 216 95
95 149 148 150
149 150 217 95
96 150 95 151
95 150 96 149
150 151 96 218
97 151 96 152
96 151 97 150
151 152 97 220
98 152 97 153
97 152 98 151
152 153 98 221
99 153 98 154
98 153 152 99
153 154 99 222
99 154 153 155
154 155 99 223
100 155 99 156
99 155 154 100
155 156 225 100
101 156 100 157
100 156 155 101
156 157 226 101
102 157 101 158
101 157 156 102
157 158 227 102
103 158 102 159
102 158 157 103
158 159 228 103
103 159 160 158
159 160 230 103
104 160 161 103
103 160 104 159
160 161 104 231
105 161 104 162
104 161 160 105
161 162 232 105
106 162 105 163
105 162 161 106
162 163 233 106
107 163 106 164
106 163 162 107
163 164 107 235
107 164 163 165
164 165 107 236
108 165 107 166
107 165 108 164
165 166 108 237
109 166 108 167
108 166 165 109
166 167 109 238
110 167 168 109
109 167 110 166
167 168 240 110
111 168 169 110
110 168 111 167
168 169 241 111
111 169 168 170
169 170 242 111
111 170 112 169
171 172 113 245
114 172 113 173
113 172 114 171
172 173 114 246
115 173 114 174
114 173 115 172
173 174 115 247
115 174 173 175
174 175 248 115
116 175 176 115
115 175 116 174
175 176 250 116
117 176 177 116
116 176 117 175
176 177 251 117
118 177 178 117
117 177 176 118
177 178 252 118
119 178 179 118
118 178 177 119
178 179 253 119
119 179 178 180
179 180 255 119
120 180 181 119
119 180 120 179
180 181 256 120
121 181 120 182
120 181 121 180
181 182 257 121
122 182 121 183
121 182 122 181
182 183 258 122
123 183 184 122
122 183 123 182
183 184 123 260
123 184 185 183
184 185 123 261
124 185 186 123
123 185 184 124
185 186 124 262
125 186 187 124
124 186 185 125
186 187 125 263
126 187 188 125
125 187 186 126
187 188 265 126
127 188 189 126
126 188 187 127
188 189 266 127
127 189 188 190
189 190 267 127
128 190 191 127
127 190 128 189
190 191 128 268
129 191 128 192
128 191 129 190
191 192 129 270
130 192 129 193
129 192 130 191
192 193 130 271
131 193 130 194
130 193 192 131
193 194 272 131
131 194 193 195
194 195 273 131
132 195 131 196
131 195 194 132
195 196 275 132
133 196 132 197
132 196 195 133
196 197 276 133
134 197 133 198
133 197 196 134
197 198 277 134
135 198 134 199
134 198 197 135
198 199 278 135
135 199 200 198
199 200 280 135
136 200 201 135
135 200 136 199
200 201 136 281
137 201 136 202
136 201 200 137
201 202 137 282
138 202 137 203
137 202 201 138
202 203 138 283
139 203 138 204
138 203 202 139
203 204 139 285
139 204 203 205
204 205 139 286
140 205 139 206
139 205 140 204
205 206 140 287
141 206 140 207
140 206 205 141
206 207 288 141
142 207 208 141
141 207 142 206
207 208 290 142
143 208 209 142
142 208 207 143
208 209 291 143
143 209 208 210
209 210 292 143
144 210 211 143
143 210 144 209
210 211 144 293
145 211 144 212
144 211 145 210
211 212 145 295
146 212 145 213
145 212 146 211
212 213 296 146
147 213 146 214
146 213 147 212
213 214 297 147
147 214 213 215
214 215 298 147
148 215 216 147
147 215 148 214
215 216 148 300
149 216 217 148
148 216 149 215
216 217 301 149
150 217 218 149
149 217 216 150
217 218 150 302
151 218 219 150
150 218 217 151
218 219 151 303
151 219 218 220
219 220 305 151
152 220 221 151
151 220 152 219
220 221 152 306
153 221 152 222
152 221 153 220
221 222 153 307
154 222 153 223
153 222 154 221
222 223 154 308
155 223 224 154
154 223 155 222
223 224 155 310
155 224 225 223
224 225 155 311
156 225 226 155
155 225 224 156
225 226 312 156
157 226 227 156
156 226 225 157
226 227 313 157
158 227 228 157
157 227 226 158
227 228 315 158
159 228 229 158
158 228 227 159
228 229 316 159
159 229 228 230
229 230 317 159
160 230 159 231
159 230 160 229
230 231 160 318
161 231 160 232
160 231 161 230
231 232 320 161
162 232 161 233
161 232 162 231
232 233 321 162
163 233 162 234
162 233 232 163
233 234 322 163
163 234 233 235
234 235 323 163
164 235 163 236
163 235 234 164
235 236 164 325
165 236 164 237
164 236 235 165
236 237 165 326
166 237 165 238
165 237 236 166
237 238 166 327
167 238 166 239
166 238 237 167
238 239 328 167
167 239 240 238
239 240 330 167
168 240 241 167
167 240 168 239
240 241 168 331
169 241 168 242
168 241 240 169
241 242 169 332
169 242 241 170
243 244 171 335
171 244 243 245
244 245 336 171
172 245 171 246
171 245 244 172
245 246 337 172
173 246 172 247
172 246 173 245
246 247 338 173
174 247 248 173
173 247 246 174
247 248 340 174
175 248 249 174
174 248 175 247
248 249 341 175
175 249 248 250
249 250 342 175
176 250 251 175
175 250 176 249
250 251 176 343
177 251 176 252
176 251 177 250
251 252 177 345
178 252 177 253
177 252 178 251
252 253 178 346
179 253 178 254
178 253 179 252
253 254 347 179
179 254 253 255
254 255 179 348
180 255 256 179
179 255 180 254
255 256 180 350
181 256 257 180
180 256 181 255
256 257 181 351
182 257 258 181
181 257 256 182
257 258 352 182
183 258 259 182
182 258 257 183
258 259 353 183
183 259 258 260
259 260 355 183
184 260 261 183
183 260 184 259
260 261 184 356
185 261 184 262
184 261 185 260
261 262 185 357
186 262 185 263
185 262 186 261
262 263 186 358
187 263 264 186
186 263 187 262
263 264 360 187
187 264 265 263
264 265 361 187
188 265 266 187
187 265 264 188
265 266 362 188
189 266 267 188
188 266 265 189
266 267 363 189
190 267 268 189
189 267 266 190
267 268 365 190
191 268 269 190
190 268 267 191
268 269 366 191
191 269 268 270
269 270 191 367
192 270 191 271
191 270 192 269
270 271 192 368
193 271 192 272
192 271 193 270
271 272 193 370
194 272 193 273
193 272 194 271
272 273 194 371
195 273 194 274
194 273 272 195
273 274 195 372
195 274 273 275
274 275 195 373
196 275 195 276
195 275 274 196
275 276 196 375
197 276 196 277
196 276 275 197
276 277 376 197
198 277 197 278
197 277 276 198
277 278 377 198
199 278 198 279
198 278 277 199
278 279 378 199
199 279 280 278
279 280 380 199
200 280 281 199
199 280 200 279
280 281 200 381
201 281 200 282
200 281 280 201
281 282 201 382
202 282 201 283
201 282 281 202
282 283 202 383
203 283 202 284
202 283 282 203
283 284 385 203
203 284 283 285
284 285 386 203
204 285 203 286
203 285 284 204
285 286 387 204
205 286 204 287
204 286 205 285
286 287 388 205
206 287 288 205
205 287 286 206
287 288 206 390
207 288 289 206
206 288 287 207
288 289 207 391
207 289 288 290
289 290 392 207
208 290 291 207
207 290 208 289
290 291 208 393
209 291 208 292
208 291 209 290
291 292 209 395
210 292 209 293
209 292 210 291
292 293 210 396
211 293 210 294
210 293 211 292
293 294 211 397
211 294 293 295
294 295 211 398
212 295 296 211
211 295 212 294
295 296 400 212
213 296 297 212
212 296 213 295
296 297 401 213
214 297 298 213
213 297 296 214
297 298 402 214
215 298 299 214
214 298 297 215
298 299 403 215
215 299 298 300
299 300 405 215
216 300 301 215
215 300 216 299
300 301 216 406
217 301 216 302
216 301 217 300
301 302 217 407
218 302 217 303
217 302 218 301
302 303 408 218
219 303 304 218
218 303 219 302
303 304 410 219
219 304 305 303
304 305 219 411
220 305 306 219
219 305 304 220
305 306 412 220
221 306 307 220
220 306 305 221
306 307 413 221
222 307 308 221
221 307 306 222
307 308 222 415
223 308 309 222
222 308 307 223
308 309 416 223
223 309 308 310
309 310 417 223
224 310 223 311
223 310 224 309
310 311 224 418
225 311 224 312
224 311 225 310
311 312 225 420
226 312 225 313
225 312 226 311
312 313 226 421
227 313 226 314
226 313 312 227
313 314 227 422
227 314 313 315
314 315 227 423
228 315 227 316
227 315 314 228
315 316 425 228
229 316 228 317
228 316 315 229
316 317 426 229
230 317 229 318
229 317 316 230
317 318 427 230
231 318 230 319
230 318 317 231
318 319 428 231
231 319 320 318
319 320 430 231
232 320 321 231
231 320 232 319
320 321 232 431
233 321 232 322
232 321 320 233
321 322 432 233
234 322 233 323
233 322 321 234
322 323 433 234
235 323 234 324
234 323 322 235
323 324 435 235
235 324 323 325
324 325 235 436
236 325 235 326
235 325 236 324
325 326 236 437
237 326 236 327
236 326 325 237
326 327 237 438
238 327 328 237
237 327 238 326
327 328 440 238
239 328 329 238
238 328 239 327
328 329 441 239
239 329 328 330
329 330 442 239
240 330 331 239
239 330 240 329
330 331 240 443
241 331 240 332
240 331 241 330
331 332 241 445
241 332 242 331
333 334 243 447
243 334 333 335
334 335 448 243
244 335 336 243
243 335 244 334
335 336 450 244
245 336 337 244
244 336 245 335
336 337 451 245
246 337 338 245
245 337 336 246
337 338 452 246
247 338 339 246
246 338 337 247
338 339 453 247
247 339 338 340
339 340 247 455
248 340 341 247
247 340 248 339
340 341 456 248
249 341 248 342
248 341 249 340
341 342 457 249
250 342 249 343
249 342 250 341
342 343 458 250
251 343 344 250
250 343 251 342
343 344 251 460
251 344 345 343
344 345 251 461
252 345 346 251
251 345 344 252
345 346 252 462
253 346 347 252
252 346 345 253
346 347 253 463
254 347 348 253
253 347 346 254
347 348 465 254
255 348 349 254
254 348 347 255
348 349 466 255
255 349 348 350
349 350 467 255
256 350 351 255
255 350 256 349
350 351 256 468
257 351 256 352
256 351 257 350
351 352 257 470
258 352 257 353
257 352 258 351
352 353 258 471
259 353 258 354
258 353 352 259
353 354 472 259
259 354 353 355
354 355 473 259
260 355 259 356
259 355 354 260
355 356 475 260
261 356 260 357
260 356 355 261
356 357 476 261
262 357 261 358
261 357 356 262
357 358 477 262
263 358 262 359
262 358 357 263
358 359 478 263
263 359 360 358
359 360 480 263
264 360 361 263
263 360 264 359
360 361 264 481
265 361 264 362
264 361 360 265
361 362 265 482
266 362 265 363
265 362 361 266
362 363 266 483
267 363 266 364
266 363 362 267
363 364 267 485
267 364 363 365
364 365 267 486
268 365 267 366
267 365 268 364
365 366 268 487
269 366 268 367
268 366 365 269
366 367 488 269
270 367 368 269
269 367 270 366
367 368 490 270
271 368 369 270
270 368 367 271
368 369 491 271
271 369 368 370
369 370 492 271
272 370 371 271
271 370 272 369
370 371 272 493
273 371 272 372
272 371 273 370
371 372 273 495
274 372 273 373
273 372 274 371
372 373 496 274
275 373 274 374
274 373 275 372
373 374 497 275
275 374 373 375
374 375 498 275
276 375 376 275
275 375 276 374
375 376 500 276
277 376 377 276
276 376 277 375
376 377 277 501
278 377 378 277
277 377 376 278
377 378 502 278
279 378 379 278
278 378 377 279
378 379 503 279
279 379 378 380
379 380 505 279
280 380 381 279
279 380 280 379
380 381 280 506
281 381 280 382
280 381 281 380
381 382 281 507
282 382 281 383
281 382 282 381
382 383 282 508
283 383 384 282
282 383 283 382
383 384 283 510
283 384 385 383
384 385 283 511
284 385 386 283
283 385 384 284
385 386 512 284
285 386 387 284
284 386 385 285
386 387 513 285
286 387 388 285
285 387 386 286
387 388 515 286
287 388 389 286
286 388 387 287
388 389 516 287
287 389 388 390
389 390 517 287
288 390 287 391
287 390 288 389
390 391 288 518
289 391 288 392
288 391 289 390
391 392 520 289
290 392 289 393
289 392 290 391
392 393 521 290
291 393 290 394
290 393 392 291
393 394 522 291
291 394 393 395
394 395 291 523
292 395 291 396
291 395 394 292
395 396 292 525
293 396 292 397
292 396 395 293
396 397 293 526
294 397 293 398
293 397 396 294
397 398 294 527
295 398 294 399
294 398 397 295
398 399 528 295
295 399 400 398
399 400 530 295
296 400 401 295
295 400 296 399
400 401 296 531
297 401 296 402
296 401 400 297
401 402 297 532
298 402 297 403
297 402 401 298
402 403 298 533
299 403 298 404
298 403 402 299
403 404 299 535
299 404 403 405
404 405 536 299
300 405 299 406
299 405 404 300
405 406 537 300
301 406 300 407
300 406 301 405
406 407 538 301
302 407 408 301
301 407 406 302
407 408 540 302
303 408 409 302
302 408 407 303
408 409 541 303
303 409 408 410
409 410 542 303
304 410 411 303
303 410 304 409
410 411 304 543
305 411 304 412
304 411 305 410
411 412 545 305
306 412 305 413
305 412 306 411
412 413 546 306
307 413 306 414
306 413 307 412
413 414 307 547
307 414 413 415
414 415 307 548
308 415 416 307
307 415 308 414
415 416 308 550
309 416 417 308
308 416 309 415
416 417 309 551
310 417 418 309
309 417 416 310
417 418 552 310
311 418 419 310
310 418 417 311
418 419 553 311
311 419 418 420
419 420 555 311
312 420 421 311
311 420 312 419
420 421 312 556
313 421 312 422
312 421 313 420
421 422 313 557
314 422 313 423
313 422 314 421
422 423 314 558
315 423 424 314
314 423 315 422
423 424 560 315
315 424 425 423
424 425 561 315
316 425 426 315
315 425 424 316
425 426 562 316
317 426 427 316
316 426 425 317
426 427 563 317
318 427 428 317
317 427 426 318
427 428 565 318
319 428 429 318
318 428 427 319
428 429 566 319
319 429 428 430
429 430 319 567
320 430 319 431
319 430 320 429
430 431 320 568
321 431 320 432
320 431 321 430
431 432 321 570
322 432 321 433
321 432 322 431
432 433 322 571
323 433 322 434
322 433 432 323
433 434 323 572
323 434 433 435
434 435 323 573
324 435 323 436
323 435 434 324
435 436 324 575
325 436 324 437
324 436 435 325
436 437 576 325
326 437 325 438
325 437 436 326
437 438 577 326
327 438 326 439
326 438 437 327
438 439 578 327
327 439 440 438
439 440 580 327
328 440 441 327
327 440 328 439
440 441 328 581
329 441 328 442
328 441 440 329
441 442 329 582
330 442 329 443
329 442 441 330
442 443 330 583
331 443 330 444
330 443 442 331
443 444 585 331
331 444 443 445
444 445 586 331
331 445 444 332
446 447 588 333
334 447 448 333
333 447 334 446
447 448 334 590
335 448 449 334
334 448 335 447
448 449 335 591
335 449 448 450
449 450 592 335
336 450 451 335
335 450 336 449
450 451 336 593
337 451 336 452
336 451 337 450
451 452 337 595
338 452 337 453
337 452 338 451
452 453 338 596
339 453 338 454
338 453 339 452
453 454 339 597
339 454 453 455
454 455 339 598
340 455 456 339
339 455 340 454
455 456 600 340
341 456 457 340
340 456 341 455
456 457 601 341
342 457 458 341
341 457 456 342
457 458 602 342
343 458 459 342
342 458 457 343
458 459 603 343
343 459 458 460
459 460 605 343
344 460 461 343
343 460 344 459
460 461 344 606
345 461 344 462
344 461 345 460
461 462 345 607
346 462 345 463
345 462 346 461
462 463 608 346
347 463 464 346
346 463 347 462
463 464 610 347
347 464 465 463
464 465 347 611
348 465 466 347
347 465 464 348
465 466 348 612
349 466 467 348
348 466 465 349
466 467 613 349
350 467 468 349
349 467 466 350
467 468 350 615
351 468 469 350
350 468 467 351
468 469 616 351
351 469 468 470
469 470 617 351
352 470 351 471
351 470 352 469
470 471 352 618
353 471 352 472
352 471 353 470
471 472 353 620
354 472 353 473
353 472 354 471
472 473 354 621
355 473 354 474
354 473 472 355
473 474 355 622
355 474 473 475
474 475 355 623
356 475 355 476
355 475 474 356
475 476 625 356
357 476 356 477
356 476 475 357
476 477 626 357
358 477 357 478
357 477 476 358
477 478 627 358
359 478 358 479
358 478 477 359
478 479 628 359
359 479 480 478
479 480 630 359
360 480 481 359
359 480 360 479
480 481 360 631
361 481 360 482
360 481 480 361
481 482 632 361
362 482 361 483
361 482 481 362
482 483 633 362
363 483 362 484
362 483 482 363
483 484 635 363
363 484 483 485
484 485 363 636
364 485 363 486
363 485 364 484
485 486 364 637
365 486 364 487
364 486 365 485
486 487 365 638
366 487 488 365
365 487 366 486
487 488 640 366
367 488 489 366
366 488 367 487
488 489 641 367
367 489 488 490
489 490 642 367
368 490 491 367
367 490 368 489
490 491 368 643
369 491 368 492
368 491 369 490
491 492 369 645
370 492 369 493
369 492 370 491
492 493 370 646
371 493 370 494
370 493 371 492
493 494 371 647
371 494 493 495
494 495 648 371
372 495 496 371
371 495 372 494
495 496 650 372
373 496 497 372
372 496 373 495
496 497 651 373
374 497 498 373
373 497 496 374
497 498 652 374
375 498 499 374
374 498 497 375
498 499 653 375
375 499 498 500
499 500 375 655
376 500 501 375
375 500 376 499
500 501 656 376
377 501 376 502
376 501 377 500
501 502 657 377
378 502 377 503
377 502 378 501
502 503 658 378
379 503 504 378
378 503 379 502
503 504 379 660
379 504 505 503
504 505 379 661
380 505 506 379
379 505 504 380
505 506 380 662
381 506 507 380
380 506 505 381
506 507 381 663
382 507 508 381
381 507 506 382
507 508 665 382
383 508 509 382
382 508 507 383
508 509 666 383
383 509 508 510
509 510 667 383
384 510 383 511
383 510 384 509
510 511 384 668
385 511 384 512
384 511 385 510
511 512 385 670
386 512 385 513
385 512 386 511
512 513 386 671
387 513 386 514
386 513 512 387
513 514 672 387
387 514 513 515
514 515 673 387
388 515 387 516
387 515 514 388
515 516 675 388
389 516 388 517
388 516 515 389
516 517 676 389
390 517 389 518
389 517 516 390
517 518 677 390
391 518 390 519
390 518 517 391
518 519 678 391
391 519 520 518
519 520 680 391
392 520 521 391
391 520 392 519
520 521 392 681
393 521 392 522
392 521 520 393
521 522 393 682
394 522 393 523
393 522 521 394
522 523 394 683
395 523 394 524
394 523 522 395
523 524 395 685
395 524 523 525
524 525 395 686
396 525 395 526
395 525 396 524
525 526 396 687
397 526 396 527
396 526 525 397
526 527 688 397
398 527 528 397
397 527 398 526
527 528 690 398
399 528 529 398
398 528 527 399
528 529 691 399
399 529 528 530
529 530 692 399
400 530 531 399
399 530 400 529
530 531 400 693
401 531 400 532
400 531 401 530
531 532 401 695
402 532 401 533
401 532 402 531
532 533 696 402
403 533 402 534
402 533 403 532
533 534 697 403
403 534 533 535
534 535 698 403
404 535 536 403
403 535 404 534
535 536 700 404
405 536 537 404
404 536 405 535
536 537 405 701
406 537 538 405
405 537 536 406
537 538 702 406
407 538 539 406
406 538 537 407
538 539 703 407
407 539 538 540
539 540 705 407
408 540 541 407
407 540 408 539
540 541 408 706
409 541 408 542
408 541 409 540
541 542 409 707
410 542 409 543
409 542 410 541
542 543 410 708
411 543 544 410
410 543 411 542
543 544 411 710
411 544 545 543
544 545 411 711
412 545 546 411
411 545 544 412
545 546 712 412
413 546 547 412
412 546 545 413
546 547 713 413
414 547 548 413
413 547 546 414
547 548 715 414
415 548 549 414
414 548 547 415
548 549 716 415
415 549 548 550
549 550 717 415
416 550 415 551
415 550 416 549
550 551 416 718
417 551 416 552
416 551 417 550
551 552 720 417
418 552 417 553
417 552 418 551
552 553 721 418
419 553 418 554
418 553 552 419
553 554 722 419
419 554 553 555
554 555 419 723
420 555 419 556
419 555 554 420
555 556 420 725
421 556 420 557
420 556 555 421
556 557 421 726
422 557 421 558
421 557 556 422
557 558 422 727
423 558 422 559
422 558 557 423
558 559 728 423
423 559 560 558
559 560 730 423
424 560 561 423
423 560 424 559
560 561 424 731
425 561 424 562
424 561 560 425
561 562 425 732
426 562 425 563
425 562 561 426
562 563 426 733
427 563 426 564
426 563 562 427
563 564 427 735
427 564 563 565
564 565 736 427
428 565 427 566
427 565 564 428
565 566 737 428
429 566 428 567
428 566 429 565
566 567 738 429
430 567 568 429
429 567 430 566
567 568 740 430
431 568 569 430
430 568 567 431
568 569 741 431
431 569 568 570
569 570 742 431
432 570 571 431
431 570 432 569
570 571 432 743
433 571 432 572
432 571 433 570
571 572 745 433
434 572 433 573
433 572 434 571
572 573 746 434
435 573 434 574
434 573 435 572
573 574 435 747
435 574 573 575
574 575 435 748
436 575 576 435
435 575 436 574
575 576 436 750
437 576 577 436
436 576 437 575
576 577 437 751
438 577 578 437
437 577 576 438
577 578 752 438
439 578 579 438
438 578 577 439
578 579 753 439
439 579 578 580
579 580 755 439
440 580 581 439
439 580 440 579
580 581 440 756
441 581 440 582
440 581 441 580
581 582 441 757
442 582 441 583
441 582 442 581
582 583 442 758
443 583 584 442
442 583 443 582
583 584 760 443
443 584 585 583
584 585 761 443
444 585 586 443
443 585 584 444
585 586 762 444
444 586 585 445
587 588 765 446
447 588 589 446
446 588 587 447
588 589 766 447
447 589 588 590
589 590 447 767
448 590 447 591
447 590 448 589
590 591 448 768
449 591 448 592
448 591 449 590
591 592 449 770
450 592 449 593
449 592 450 591
592 593 450 771
451 593 450 594
450 593 592 451
593 594 451 772
451 594 593 595
594 595 451 773
452 595 451 596
451 595 594 452
595 596 452 775
453 596 452 597
452 596 595 453
596 597 776 453
454 597 453 598
453 597 596 454
597 598 777 454
455 598 454 599
454 598 597 455
598 599 778 455
455 599 600 598
599 600 780 455
456 600 601 455
455 600 456 599
600 601 456 781
457 601 456 602
456 601 600 457
601 602 457 782
458 602 457 603
457 602 601 458
602 603 458 783
459 603 458 604
458 603 602 459
603 604 785 459
459 604 603 605
604 605 786 459
460 605 459 606
459 605 604 460
605 606 787 460
461 606 460 607
460 606 461 605
606 607 788 461
462 607 608 461
461 607 606 462
607 608 790 462
463 608 609 462
462 608 607 463
608 609 463 791
463 609 608 610
609 610 792 463
464 610 611 463
463 610 464 609
610 611 464 793
465 611 464 612
464 611 465 610
611 612 465 795
466 612 465 613
465 612 466 611
612 613 466 796
467 613 466 614
466 613 467 612
613 614 467 797
467 614 613 615
614 615 467 798
468 615 616 467
467 615 468 614
615 616 800 468
469 616 617 468
468 616 469 615
616 617 801 469
470 617 618 469
469 617 616 470
617 618 802 470
471 618 619 470
470 618 617 471
618 619 803 471
471 619 618 620
619 620 805 471
472 620 621 471
471 620 472 619
620 621 472 806
473 621 472 622
472 621 473 620
621 622 473 807
474 622 473 623
473 622 474 621
622 623 808 474
475 623 624 474
474 623 475 622
623 624 810 475
475 624 625 623
624 625 811 475
476 625 626 475
475 625 624 476
625 626 476 812
477 626 627 476
476 626 625 477
626 627 813 477
478 627 628 477
477 627 626 478
627 628 478 815
479 628 629 478
478 628 627 479
628 629 816 479
479 629 628 630
629 630 817 479
480 630 479 631
479 630 480 629
630 631 480 818
481 631 480 632
480 631 481 630
631 632 481 820
482 632 481 633
481 632 482 631
632 633 482 821
483 633 482 634
482 633 632 483
633 634 483 822
483 634 633 635
634 635 483 823
484 635 483 636
483 635 634 484
635 636 825 484
485 636 484 637
484 636 635 485
636 637 826 485
486 637 485 638
485 637 636 486
637 638 827 486
487 638 486 639
486 638 637 487
638 639 828 487
487 639 640 638
639 640 830 487
488 640 641 487
487 640 488 639
640 641 488 831
489 641 488 642
488 641 640 489
641 642 832 489
490 642 489 643
489 642 641 490
642 643 833 490
491 643 490 644
490 643 642 491
643 644 835 491
491 644 643 645
644 645 491 836
492 645 491 646
491 645 644 492
645 646 492 837
493 646 492 647
492 646 645 493
646 647 493 838
494 647 648 493
493 647 494 646
647 648 840 494
495 648 649 494
494 648 495 647
648 649 841 495
495 649 648 650
649 650 842 495
496 650 651 495
495 650 496 649
650 651 496 843
497 651 496 652
496 651 497 650
651 652 497 845
498 652 497 653
497 652 498 651
652 653 498 846
499 653 498 654
498 653 499 652
653 654 499 847
499 654 653 655
654 655 848 499
500 655 656 499
499 655 500 654
655 656 850 500
501 656 657 500
500 656 501 655
656 657 851 501
502 657 658 501
501 657 656 502
657 658 852 502
503 658 659 502
502 658 657 503
658 659 853 503
503 659 658 660
659 660 855 503
504 660 661 503
503 660 504 659
660 661 856 504
505 661 504 662
504 661 505 660
661 662 857 505
506 662 505 663
505 662 506 661
662 663 506 858
507 663 664 506
506 663 507 662
663 664 507 860
507 664 665 663
664 665 507 861
508 665 666 507
507 665 664 508
665 666 508 862
509 666 667 508
508 666 665 509
666 667 509 863
510 667 668 509
509 667 666 510
667 668 865 510
511 668 669 510
510 668 667 511
668 669 866 511
511 669 668 670
669 670 867 511
512 670 671 511
511 670 512 669
670 671 512 868
513 671 512 672
512 671 513 670
671 672 513 870
514 672 513 673
513 672 514 671
672 673 514 871
515 673 514 674
514 673 672 515
673 674 872 515
515 674 673 675
674 675 873 515
516 675 515 676
515 675 674 516
675 676 875 516
517 676 516 677
516 676 675 517
676 677 876 517
518 677 517 678
517 677 676 518
677 678 877 518
519 678 518 679
518 678 677 519
678 679 878 519
519 679 680 678
679 680 880 519
520 680 681 519
519 680 520 679
680 681 520 881
521 681 520 682
520 681 680 521
681 682 521 882
522 682 521 683
521 682 681 522
682 683 522 883
523 683 522 684
522 683 682 523
683 684 523 885
523 684 683 685
684 685 523 886
524 685 523 686
523 685 524 684
685 686 524 887
525 686 524 687
524 686 525 685
686 687 888 525
526 687 688 525
525 687 526 686
687 688 890 526
527 688 689 526
526 688 687 527
688 689 891 527
527 689 688 690
689 690 892 527
528 690 691 527
527 690 528 689
690 691 528 893
529 691 528 692
528 691 529 690
691 692 529 895
530 692 529 693
529 692 530 691
692 693 896 530
531 693 530 694
530 693 531 692
693 694 897 531
531 694 693 695
694 695 898 531
532 695 696 531
531 695 532 694
695 696 532 900
533 696 697 532
532 696 533 695
696 697 901 533
534 697 698 533
533 697 696 534
697 698 534 902
535 698 699 534
534 698 697 535
698 699 535 903
535 699 698 700
699 700 905 535
536 700 701 535
535 700 536 699
700 701 536 906
537 701 536 702
536 701 537 700
701 702 537 907
538 702 537 703
537 702 538 701
702 703 538 908
539 703 704 538
538 703 539 702
703 704 539 910
539 704 705 703
704 705 539 911
540 705 706 539
539 705 704 540
705 706 912 540
541 706 707 540
540 706 705 541
706 707 913 541
542 707 708 541
541 707 706 542
707 708 915 542
543 708 709 542
542 708 707 543
708 709 916 543
543 709 708 710
709 710 917 543
544 710 543 711
543 710 544 709
710 711 544 918
545 711 544 712
544 711 545 710
711 712 920 545
546 712 545 713
545 712 546 711
712 713 921 546
547 713 546 714
546 713 712 547
713 714 922 547
547 714 713 715
714 715 547 923
548 715 547 716
547 715 714 548
715 716 548 925
549 716 548 717
548 716 715 549
716 717 549 926
550 717 549 718
549 717 716 550
717 718 550 927
551 718 550 719
550 718 717 551
718 719 928 551
551 719 720 718
719 720 930 551
552 720 721 551
551 720 552 719
720 721 552 931
553 721 552 722
552 721 720 553
721 722 553 932
554 722 553 723
553 722 721 554
722 723 554 933
555 723 554 724
554 723 722 555
723 724 555 935
555 724 723 725
724 725 936 555
556 725 555 726
555 725 724 556
725 726 937 556
557 726 556 727
556 726 557 725
726 727 938 557
558 727 728 557
557 727 726 558
727 728 940 558
559 728 729 558
558 728 727 559
728 729 941 559
559 729 728 730
729 730 942 559
560 730 731 559
559 730 560 729
730 731 560 943
561 731 560 732
560 731 561 730
731 732 945 561
562 732 561 733
561 732 562 731
732 733 946 562
563 733 562 734
562 733 563 732
733 734 563 947
563 734 733 735
734 735 563 948
564 735 736 563
563 735 564 734
735 736 564 950
565 736 737 564
564 736 565 735
736 737 565 951
566 737 738 565
565 737 736 566
737 738 952 566
567 738 739 566
566 738 737 567
738 739 953 567
567 739 738 740
739 740 955 567
568 740 741 567
567 740 568 739
740 741 568 956
569 741 568 742
568 741 569 740
741 742 569 957
570 742 569 743
569 742 570 741
742 743 570 958
571 743 744 570
570 743 571 742
743 744 960 571
571 744 745 743
744 745 961 571
572 745 746 571
571 745 744 572
745 746 962 572
573 746 747 572
572 746 745 573
746 747 963 573
574 747 748 573
573 747 746 574
747 748 965 574
575 748 749 574
574 748 747 575
748 749 966 575
575 749 748 750
749 750 575 967
576 750 575 751
575 750 576 749
750 751 576 968
577 751 576 752
576 751 577 750
751 752 577 970
578 752 577 753
577 752 578 751
752 753 578 971
579 753 578 754
578 753 752 579
753 754 579 972
579 754 753 755
754 755 579 973
580 755 579 756
579 755 754 580
755 756 580 975
581 756 580 757
580 756 755 581
756 757 976 581
582 757 581 758
581 757 756 582
757 758 977 582
583 758 582 759
582 758 757 583
758 759 978 583
583 759 760 758
759 760 980 583
584 760 761 583
583 760 584 759
760 761 584 981
585 761 584 762
584 761 760 585
761 762 585 982
585 762 761 586
763 764 985 587
587 764 763 765
764 765 986 587
588 765 587 766
587 765 588 764
765 766 987 588
589 766 588 767
588 766 589 765
766 767 988 589
590 767 768 589
589 767 590 766
767 768 990 590
591 768 769 590
590 768 767 591
768 769 591 991
591 769 768 770
769 770 992 591
592 770 771 591
591 770 592 769
770 771 592 993
593 771 592 772
592 771 593 770
771 772 593 995
594 772 593 773
593 772 594 771
772 773 594 996
595 773 594 774
594 773 595 772
773 774 595 997
595 774 773 775
774 775 595 998
596 775 776 595
595 775 596 774
775 776 1000 596
597 776 777 596
596 776 597 775
776 777 1001 597
598 777 778 597
597 777 776 598
777 778 1002 598
599 778 779 598
598 778 777 599
778 779 1003 599
599 779 778 780
779 780 1005 599
600 780 781 599
599 780 600 779
780 781 600 1006
601 781 600 782
600 781 601 780
781 782 601 1007
602 782 601 783
601 782 602 781
782 783 1008 602
603 783 784 602
602 783 603 782
783 784 1010 603
603 784 785 783
784 785 603 1011
604 785 786 603
603 785 784 604
785 786 604 1012
605 786 787 604
604 786 785 605
786 787 1013 605
606 787 788 605
605 787 786 606
787 788 606 1015
607 788 789 606
606 788 787 607
788 789 1016 607
607 789 788 790
789 790 1017 607
608 790 607 791
607 790 608 789
790 791 608 1018
609 791 608 792
608 791 609 790
791 792 609 1020
610 792 609 793
609 792 610 791
792 793 610 1021
611 793 610 794
610 793 792 611
793 794 611 1022
611 794 793 795
794 795 611 1023
612 795 611 796
611 795 794 612
795 796 1025 612
613 796 612 797
612 796 795 613
796 797 1026 613
614 797 613 798
613 797 796 614
797 798 1027 614
615 798 614 799
614 798 797 615
798 799 1028 615
615 799 800 798
799 800 1030 615
616 800 801 615
615 800 616 799
800 801 616 1031
617 801 616 802
616 801 800 617
801 802 1032 617
618 802 617 803
617 802 801 618
802 803 1033 618
619 803 618 804
618 803 802 619
803 804 1035 619
619 804 803 805
804 805 619 1036
620 805 619 806
619 805 620 804
805 806 620 1037
621 806 620 807
620 806 805 621
806 807 621 1038
622 807 808 621
621 807 622 806
807 808 1040 622
623 808 809 622
622 808 623 807
808 809 1041 623
623 809 808 810
809 810 1042 623
624 810 811 623
623 810 624 809
810 811 624 1043
625 811 624 812
624 811 625 810
811 812 625 1045
626 812 625 813
625 812 626 811
812 813 626 1046
627 813 626 814
626 813 627 812
813 814 627 1047
627 814 813 815
814 815 1048 627
628 815 816 627
627 815 628 814
815 816 1050 628
629 816 817 628
628 816 629 815
816 817 1051 629
630 817 818 629
629 817 816 630
817 818 1052 630
631 818 819 630
630 818 817 631
818 819 1053 631
631 819 818 820
819 820 1055 631
632 820 821 631
631 820 632 819
820 821 1056 632
633 821 632 822
632 821 633 820
821 822 1057 633
634 822 633 823
633 822 634 821
822 823 1058 634
635 823 824 634
634 823 635 822
823 824 635 1060
635 824 825 823
824 825 635 1061
636 825 826 635
635 825 824 636
825 826 636 1062
637 826 827 636
636 826 825 637
826 827 637 1063
638 827 828 637
637 827 826 638
827 828 1065 638
639 828 829 638
638 828 827 639
828 829 1066 639
639 829 828 830
829 830 1067 639
640 830 831 639
639 830 640 829
830 831 640 1068
641 831 640 832
640 831 641 830
831 832 641 1070
642 832 641 833
641 832 642 831
832 833 642 1071
643 833 642 834
642 833 832 643
833 834 1072 643
643 834 833 835
834 835 1073 643
644 835 643 836
643 835 834 644
835 836 1075 644
645 836 644 837
644 836 835 645
836 837 1076 645
646 837 645 838
645 837 836 646
837 838 1077 646
647 838 646 839
646 838 837 647
838 839 1078 647
647 839 840 838
839 840 1080 647
648 840 841 647
647 840 648 839
840 841 648 1081
649 841 648 842
648 841 840 649
841 842 649 1082
650 842 649 843
649 842 841 650
842 843 650 1083
651 843 650 844
650 843 842 651
843 844 651 1085
651 844 843 845
844 845 651 1086
652 845 651 846
651 845 652 844
845 846 652 1087
653 846 652 847
652 846 653 845
846 847 1088 653
654 847 848 653
653 847 654 846
847 848 1090 654
655 848 849 654
654 848 655 847
848 849 1091 655
655 849 848 850
849 850 1092 655
656 850 851 655
655 850 656 849
850 851 656 1093
657 851 656 852
656 851 657 850
851 852 657 1095
658 852 657 853
657 852 658 851
852 853 1096 658
659 853 658 854
658 853 659 852
853 854 1097 659
659 854 853 855
854 855 1098 659
660 855 856 659
659 855 660 854
855 856 660 1100
661 856 857 660
660 856 661 855
856 857 1101 661
662 857 858 661
661 857 856 662
857 858 662 1102
663 858 859 662
662 858 857 663
858 859 663 1103
663 859 858 860
859 860 1105 663
664 860 861 663
663 860 664 859
860 861 664 1106
665 861 664 862
664 861 665 860
861 862 665 1107
666 862 665 863
665 862 666 861
862 863 666 1108
667 863 864 666
666 863 667 862
863 864 667 1110
667 864 865 863
864 865 667 1111
668 865 866 667
667 865 864 668
865 866 1112 668
669 866 867 668
668 866 865 669
866 867 1113 669
670 867 868 669
669 867 866 670
867 868 1115 670
671 868 869 670
670 868 867 671
868 869 1116 671
671 869 868 870
869 870 1117 671
672 870 671 871
671 870 672 869
870 871 672 1118
673 871 672 872
672 871 673 870
871 872 1120 673
674 872 673 873
673 872 674 871
872 873 1121 674
675 873 674 874
674 873 872 675
873 874 1122 675
675 874 873 875
874 875 1123 675
676 875 675 876
675 875 874 676
875 876 676 1125
677 876 676 877
676 876 875 677
876 877 677 1126
678 877 677 878
677 877 876 678
877 878 678 1127
679 878 678 879
678 878 877 679
878 879 1128 679
679 879 880 878
879 880 1130 679
680 880 881 679
679 880 680 879
880 881 680 1131
681 881 680 882
680 881 880 681
881 882 681 1132
682 882 681 883
681 882 881 682
882 883 682 1133
683 883 682 884
682 883 882 683
883 884 683 1135
683 884 883 885
884 885 1136 683
684 885 683 886
683 885 884 684
885 886 1137 684
685 886 684 887
684 886 685 885
886 887 1138 685
686 887 888 685
685 887 886 686
887 888 1140 686
687 888 889 686
686 888 887 687
888 889 1141 687
687 889 888 890
889 890 1142 687
688 890 891 687
687 890 688 889
890 891 688 1143
689 891 688 892
688 891 689 890
891 892 689 1145
690 892 689 893
689 892 690 891
892 893 690 1146
691 893 690 894
690 893 691 892
893 894 1147 691
691 894 893 895
894 895 691 1148
692 895 896 691
691 895 692 894
895 896 692 1150
693 896 897 692
692 896 693 895
896 897 693 1151
694 897 898 693
693 897 896 694
897 898 1152 694
695 898 899 694
694 898 897 695
898 899 1153 695
695 899 898 900
899 900 1155 695
696 900 901 695
695 900 696 899
900 901 696 1156
697 901 696 902
696 901 697 900
901 902 697 1157
698 902 697 903
697 902 698 901
902 903 698 1158
699 903 904 698
698 903 699 902
903 904 1160 699
699 904 905 903
904 905 1161 699
700 905 906 699
699 905 904 700
905 906 1162 700
701 906 907 700
700 906 905 701
906 907 1163 701
702 907 908 701
701 907 906 702
907 908 1165 702
703 908 909 702
702 908 907 703
908 909 1166 703
703 909 908 910
909 910 703 1167
704 910 703 911
703 910 704 909
910 911 704 1168
705 911 704 912
704 911 705 910
911 912 705 1170
706 912 705 913
705 912 706 911
912 913 706 1171
707 913 706 914
706 913 912 707
913 914 707 1172
707 914 913 915
914 915 707 1173
708 915 707 916
707 915 914 708
915 916 708 1175
709 916 708 917
708 916 915 709
916 917 1176 709
710 917 709 918
709 917 916 710
917 918 1177 710
711 918 710 919
710 918 917 711
918 919 1178 711
711 919 920 918
919 920 1180 711
712 920 921 711
711 920 712 919
920 921 712 1181
713 921 712 922
712 921 920 713
921 922 713 1182
714 922 713 923
713 922 921 714
922 923 714 1183
715 923 714 924
714 923 922 715
923 924 1185 715
715 924 923 925
924 925 1186 715
716 925 715 926
715 925 924 716
925 926 1187 716
717 926 716 927
716 926 717 925
926 927 1188 717
718 927 928 717
717 927 926 718
927 928 718 1190
719 928 929 718
718 928 927 719
928 929 719 1191
719 929 928 930
929 930 1192 719
720 930 931 719
719 930 720 929
930 931 720 1193
721 931 720 932
720 931 721 930
931 932 721 1195
722 932 721 933
721 932 722 931
932 933 722 1196
723 933 722 934
722 933 723 932
933 934 723 1197
723 934 933 935
934 935 723 1198
724 935 936 723
723 935 724 934
935 936 1200 724
725 936 937 724
724 936 725 935
936 937 1201 725
726 937 938 725
725 937 936 726
937 938 1202 726
727 938 939 726
726 938 937 727
938 939 1203 727
727 939 938 940
939 940 1205 727
728 940 941 727
727 940 728 939
940 941 728 1206
729 941 728 942
728 941 729 940
941 942 729 1207
730 942 729 943
729 942 730 941
942 943 1208 730
731 943 944 730
730 943 731 942
943 944 1210 731
731 944 945 943
944 945 731 1211
732 945 946 731
731 945 944 732
945 946 732 1212
733 946 947 732
732 946 945 733
946 947 1213 733
734 947 948 733
733 947 946 734
947 948 734 1215
735 948 949 734
734 948 947 735
948 949 1216 735
735 949 948 950
949 950 1217 735
736 950 735 951
735 950 736 949
950 951 736 1218
737 951 736 952
736 951 737 950
951 952 737 1220
738 952 737 953
737 952 738 951
952 953 738 1221
739 953 738 954
738 953 952 739
953 954 739 1222
739 954 953 955
954 955 739 1223
740 955 739 956
739 955 954 740
955 956 1225 740
741 956 740 957
740 956 955 741
956 957 1226 741
742 957 741 958
741 957 956 742
957 958 1227 742
743 958 742 959
742 958 957 743
958 959 1228 743
743 959 960 958
959 960 1230 743
744 960 961 743
743 960 744 959
960 961 744 1231
745 961 744 962
744 961 960 745
961 962 1232 745
746 962 745 963
745 962 961 746
962 963 1233 746
747 963 746 964
746 963 962 747
963 964 1235 747
747 964 963 965
964 965 747 1236
748 965 747 966
747 965 748 964
965 966 748 1237
749 966 748 967
748 966 965 749
966 967 749 1238
750 967 968 749
749 967 750 966
967 968 1240 750
751 968 969 750
750 968 751 967
968 969 1241 751
751 969 968 970
969 970 1242 751
752 970 971 751
751 970 752 969
970 971 752 1243
753 971 752 972
752 971 753 970
971 972 753 1245
754 972 753 973
753 972 754 971
972 973 754 1246
755 973 754 974
754 973 755 972
973 974 755 1247
755 974 973 975
974 975 1248 755
756 975 976 755
755 975 756 974
975 976 1250 756
757 976 977 756
756 976 757 975
976 977 1251 757
758 977 978 757
757 977 976 758
977 978 1252 758
759 978 979 758
758 978 977 759
978 979 1253 759
759 979 978 980
979 980 759 1255
760 980 981 759
759 980 760 979
980 981 1256 760
761 981 760 982
760 981 761 980
981 982 761 1257
761 982 762 981
763 984 985 983
764 985 986 763
763 985 984 764
765 986 987 764
764 986 985 765
766 987 988 765
765 987 986 766
767 988 989 766
766 988 987 767
767 989 988 990
768 990 767 991
767 990 768 989
769 991 768 992
768 991 769 990
770 992 769 993
769 992 770 991
771 993 770 994
770 993 992 771
771 994 993 995
772 995 771 996
771 995 994 772
773 996 772 997
772 996 995 773
774 997 773 998
773 997 996 774
775 998 774 999
774 998 997 775
775 999 1000 998
776 1000 1001 775
775 1000 776 999
777 1001 776 1002
776 1001 1000 777
778 1002 777 1003
777 1002 1001 778
779 1003 778 1004
778 1003 1002 779
779 1004 1003 1005
780 1005 779 1006
779 1005 1004 780
781 1006 780 1007
780 1006 1005 781
782 1007 1008 781
781 1007 1006 782
783 1008 1009 782
782 1008 1007 783
783 1009 1008 1010
784 1010 1011 783
783 1010 784 1009
785 1011 784 1012
784 1011 785 1010
786 1012 785 1013
785 1012 786 1011
787 1013 786 1014
786 1013 787 1012
787 1014 1013 1015
788 1015 1016 787
787 1015 788 1014
789 1016 1017 788
788 1016 789 1015
790 1017 1018 789
789 1017 1016 790
791 1018 1019 790
790 1018 1017 791
791 1019 1018 1020
792 1020 1021 791
791 1020 792 1019
793 1021 792 1022
792 1021 793 1020
794 1022 793 1023
793 1022 794 1021
795 1023 1024 794
794 1023 795 1022
795 1024 1025 1023
796 1025 1026 795
795 1025 1024 796
797 1026 1027 796
796 1026 1025 797
798 1027 1028 797
797 1027 1026 798
799 1028 1029 798
798 1028 1027 799
799 1029 1028 1030
800 1030 799 1031
799 1030 800 1029
801 1031 800 1032
800 1031 801 1030
802 1032 801 1033
801 1032 802 1031
803 1033 802 1034
802 1033 1032 803
803 1034 1033 1035
804 1035 803 1036
803 1035 1034 804
805 1036 804 1037
804 1036 1035 805
806 1037 805 1038
805 1037 1036 806
807 1038 806 1039
806 1038 1037 807
807 1039 1040 1038
808 1040 1041 807
807 1040 808 1039
809 1041 808 1042
808 1041 1040 809
810 1042 809 1043
809 1042 1041 810
811 1043 810 1044
810 1043 1042 811
811 1044 1043 1045
812 1045 811 1046
811 1045 1044 812
813 1046 812 1047
812 1046 1045 813
814 1047 1048 813
813 1047 1046 814
815 1048 1049 814
814 1048 1047 815
815 1049 1048 1050
816 1050 1051 815
815 1050 816 1049
817 1051 816 1052
816 1051 817 1050
818 1052 817 1053
817 1052 818 1051
819 1053 818 1054
818 1053 819 1052
819 1054 1053 1055
820 1055 1056 819
819 1055 820 1054
821 1056 1057 820
820 1056 821 1055
822 1057 1058 821
821 1057 1056 822
823 1058 1059 822
822 1058 1057 823
823 1059 1058 1060
824 1060 1061 823
823 1060 824 1059
825 1061 824 1062
824 1061 825 1060
826 1062 825 1063
825 1062 826 1061
827 1063 1064 826
826 1063 827 1062
827 1064 1065 1063
828 1065 1066 827
827 1065 1064 828
829 1066 1067 828
828 1066 1065 829
830 1067 1068 829
829 1067 1066 830
831 1068 1069 830
830 1068 1067 831
831 1069 1068 1070
832 1070 831 1071
831 1070 832 1069
833 1071 832 1072
832 1071 833 1070
834 1072 833 1073
833 1072 834 1071
835 1073 834 1074
834 1073 1072 835
835 1074 1073 1075
836 1075 835 1076
835 1075 1074 836
837 1076 836 1077
836 1076 1075 837
838 1077 837 1078
837 1077 1076 838
839 1078 838 1079
838 1078 1077 839
839 1079 1080 1078
840 1080 1081 839
839 1080 840 1079
841 1081 840 1082
840 1081 1080 841
842 1082 841 1083
841 1082 1081 842
843 1083 842 1084
842 1083 1082 843
843 1084 1083 1085
844 1085 843 1086
843 1085 1084 844
845 1086 844 1087
844 1086 1085 845
846 1087 1088 845
845 1087 1086 846
847 1088 1089 846
846 1088 1087 847
847 1089 1088 1090
848 1090 1091 847
847 1090 848 1089
849 1091 848 1092
848 1091 849 1090
850 1092 849 1093
849 1092 850 1091
851 1093 850 1094
850 1093 851 1092
851 1094 1093 1095
852 1095 1096 851
851 1095 852 1094
853 1096 1097 852
852 1096 853 1095
854 1097 1098 853
853 1097 1096 854
855 1098 1099 854
854 1098 1097 855
855 1099 1098 1100
856 1100 1101 855
855 1100 856 1099
857 1101 856 1102
856 1101 857 1100
858 1102 857 1103
857 1102 858 1101
859 1103 1104 858
858 1103 859 1102
859 1104 1105 1103
860 1105 1106 859
859 1105 1104 860
861 1106 1107 860
860 1106 1105 861
862 1107 1108 861
861 1107 1106 862
863 1108 1109 862
862 1108 1107 863
863 1109 1108 1110
864 1110 863 1111
863 1110 864 1109
865 1111 864 1112
864 1111 865 1110
866 1112 865 1113
865 1112 866 1111
867 1113 866 1114
866 1113 1112 867
867 1114 1113 1115
868 1115 867 1116
867 1115 1114 868
869 1116 868 1117
868 1116 1115 869
870 1117 869 1118
869 1117 1116 870
871 1118 870 1119
870 1118 1117 871
871 1119 1120 1118
872 1120 1121 871
871 1120 872 1119
873 1121 872 1122
872 1121 1120 873
874 1122 873 1123
873 1122 1121 874
875 1123 874 1124
874 1123 1122 875
875 1124 1123 1125
876 1125 875 1126
875 1125 1124 876
877 1126 876 1127
876 1126 1125 877
878 1127 1128 877
877 1127 1126 878
879 1128 1129 878
878 1128 1127 879
879 1129 1128 1130
880 1130 1131 879
879 1130 880 1129
881 1131 880 1132
880 1131 881 1130
882 1132 881 1133
881 1132 882 1131
883 1133 882 1134
882 1133 883 1132
883 1134 1133 1135
884 1135 1136 883
883 1135 884 1134
885 1136 1137 884
884 1136 885 1135
886 1137 1138 885
885 1137 1136 886
887 1138 1139 886
886 1138 1137 887
887 1139 1138 1140
888 1140 1141 887
887 1140 888 1139
889 1141 888 1142
888 1141 889 1140
890 1142 889 1143
889 1142 890 1141
891 1143 1144 890
890 1143 891 1142
891 1144 1145 1143
892 1145 1146 891
891 1145 1144 892
893 1146 1147 892
892 1146 1145 893
894 1147 1148 893
893 1147 1146 894
895 1148 1149 894
894 1148 1147 895
895 1149 1148 1150
896 1150 895 1151
895 1150 896 1149
897 1151 896 1152
896 1151 897 1150
898 1152 1153 897
897 1152 898 1151
899 1153 898 1154
898 1153 1152 899
899 1154 1153 1155
900 1155 899 1156
899 1155 1154 900
901 1156 900 1157
900 1156 1155 901
902 1157 901 1158
901 1157 1156 902
903 1158 902 1159
902 1158 1157 903
903 1159 1160 1158
904 1160 1161 903
903 1160 904 1159
905 1161 904 1162
904 1161 1160 905
906 1162 905 1163
905 1162 1161 906
907 1163 906 1164
906 1163 1162 907
907 1164 1163 1165
908 1165 907 1166
907 1165 1164 908
909 1166 908 1167
908 1166 1165 909
910 1167 1168 909
909 1167 1166 910
911 1168 1169 910
910 1168 1167 911
911 1169 1168 1170
912 1170 1171 911
911 1170 912 1169
913 1171 912 1172
912 1171 913 1170
914 1172 913 1173
913 1172 914 1171
915 1173 914 1174
914 1173 915 1172
915 1174 1173 1175
916 1175 1176 915
915 1175 916 1174
917 1176 1177 916
916 1176 917 1175
918 1177 1178 917
917 1177 1176 918
919 1178 1179 918
918 1178 1177 919
919 1179 1178 1180
920 1180 1181 919
919 1180 920 1179
921 1181 920 1182
920 1181 921 1180
922 1182 921 1183
921 1182 922 1181
923 1183 1184 922
922 1183 923 1182
923 1184 1185 1183
924 1185 1186 923
923 1185 1184 924
925 1186 1187 924
924 1186 1185 925
926 1187 1188 925
925 1187 1186 926
927 1188 1189 926
926 1188 1187 927
927 1189 1188 1190
928 1190 927 1191
927 1190 928 1189
929 1191 928 1192
928 1191 929 1190
930 1192 929 1193
929 1192 930 1191
931 1193 930 1194
930 1193 1192 931
931 1194 1193 1195
932 1195 931 1196
931 1195 1194 932
933 1196 932 1197
932 1196 1195 933
934 1197 933 1198
933 1197 1196 934
935 1198 934 1199
934 1198 1197 935
935 1199 1200 1198
936 1200 1201 935
935 1200 936 1199
937 1201 936 1202
936 1201 1200 937
938 1202 937 1203
937 1202 1201 938
939 1203 938 1204
938 1203 1202 939
939 1204 1203 1205
940 1205 939 1206
939 1205 1204 940
941 1206 940 1207
940 1206 1205 941
942 1207 1208 941
941 1207 1206 942
943 1208 1209 942
942 1208 1207 943
943 1209 1208 1210
944 1210 1211 943
943 1210 944 1209
945 1211 944 1212
944 1211 945 1210
946 1212 945 1213
945 1212 946 1211
947 1213 946 1214
946 1213 947 1212
947 1214 1213 1215
948 1215 1216 947
947 1215 948 1214
949 1216 1217 948
948 1216 949 1215
950 1217 1218 949
949 1217 1216 950
951 1218 1219 950
950 1218 1217 951
951 1219 1218 1220
952 1220 1221 951
951 1220 952 1219
953 1221 952 1222
952 1221 953 1220
954 1222 953 1223
953 1222 954 1221
955 1223 1224 954
954 1223 955 1222
955 1224 1225 1223
956 1225 1226 955
955 1225 1224 956
957 1226 1227 956
956 1226 1225 957
958 1227 1228 957
957 1227 1226 958
959 1228 1229 958
958 1228 1227 959
959 1229 1228 1230
960 1230 959 1231
959 1230 960 1229
961 1231 960 1232
960 1231 961 1230
962 1232 961 1233
961 1232 962 1231
963 1233 962 1234
962 1233 1232 963
963 1234 1233 1235
964 1235 963 1236
963 1235 1234 964
965 1236 964 1237
964 1236 1235 965
966 1237 965 1238
965 1237 1236 966
967 1238 966 1239
966 1238 1237 967
967 1239 1240 1238
968 1240 1241 967
967 1240 968 1239
969 1241 968 1242
968 1241 1240 969
970 1242 969 1243
969 1242 1241 970
971 1243 970 1244
970 1243 1242 971
971 1244 1243 1245
972 1245 971 1246
971 1245 1244 972
973 1246 972 1247
972 1246 1245 973
974 1247 1248 973
973 1247 1246 974
975 1248 1249 974
974 1248 1247 975
975 1249 1248 1250
976 1250 1251 975
975 1250 976 1249
977 1251 976 1252
976 1251 977 1250
978 1252 977 1253
977 1252 978 1251
979 1253 978 1254
978 1253 979 1252
979 1254 1253 1255
980 1255 1256 979
979 1255 980 1254
981 1256 1257 980
980 1256 981 1255
981 1257 1256 982
