753
0.0 0.0 0.0 0.0 0.0 0.0
0.0 0.0 1.0 0.0 0.0 1.0
0.0 0.0 2.0 0.0 0.0 2.0
0.0 0.0 3.0 0.0 0.0 3.0
0.0 0.0 4.0 0.0 0.0 4.0
0.0 0.0 5.0 0.0 0.0 5.0
0.0 0.0 6.0 0.0 0.0 6.0
0.0 0.0 7.0 0.0 0.0 7.0
0.0 0.0 8.0 0.0 0.0 8.0
0.0 0.0 9.0 0.0 0.0 9.0
0.0 0.0 10.0 0.0 0.0 10.0
0.0 0.0 11.0 0.0 0.0 11.0
0.0 0.0 12.0 0.0 0.0 12.0
0.0 0.0 13.0 0.0 0.0 13.0
0.0 0.0 14.0 0.0 0.0 14.0
0.0 0.0 15.0 0.0 0.0 15.0
0.0 0.0 16.0 0.0 0.0 16.0
0.0 0.0 17.0 0.0 0.0 17.0
0.0 0.0 18.0 0.0 0.0 18.0
0.0 0.0 19.0 0.0 0.0 19.0
0.0 1.0 0.0 0.0 1.0 0.0
0.0 1.0 1.0 0.0 1.0 1.0
0.0 1.0 2.0 0.0 1.0 2.0
0.0 1.0 3.0 0.0 1.0 3.0
0.0 1.0 4.0 0.0 1.0 4.0
0.0 1.0 5.0 0.0 1.0 5.0
0.0 1.0 5.5 0.0 1.0 5.5
0.0 1.0 6.0 0.0 1.0 6.0
0.0 1.0 7.0 0.0 1.0 7.0
0.0 1.0 8.0 0.0 1.0 8.0
0.0 1.0 9.0 0.0 1.0 9.0
0.0 1.0 10.0 0.0 1.0 10.0
0.0 1.0 11.0 0.0 1.0 11.0
0.0 1.0 11.5 0.0 1.0 11.5
0.0 1.0 12.0 0.0 1.0 12.0
0.0 1.0 13.0 0.0 1.0 13.0
0.0 1.0 14.0 0.0 1.0 14.0
0.0 1.0 15.0 0.0 1.0 15.0
0.0 1.0 16.0 0.0 1.0 16.0
0.0 1.0 17.0 0.0 1.0 17.0
0.0 1.0 17.5 0.0 1.0 17.5
0.0 1.0 18.0 0.0 1.0 18.0
0.0 1.0 19.0 0.0 1.0 19.0
0.0 2.0 0.0 0.0 2.0 0.0
0.0 2.0 1.0 0.0 2.0 1.0
0.0 2.0 2.0 0.0 2.0 2.0
0.0 2.0 3.0 0.0 2.0 3.0
0.0 2.0 3.25 0.0 2.0 3.25
0.0 2.0 4.0 0.0 2.0 4.0
0.0 2.0 5.0 0.0 2.0 5.0
0.0 2.0 5.5 0.0 2.0 5.5
0.0 2.0 6.0 0.0 2.0 6.0
0.0 2.0 7.0 0.0 2.0 7.0
0.0 2.0 8.0 0.0 2.0 8.0
0.0 2.0 8.25 0.0 2.0 8.25
0.0 2.0 9.0 0.0 2.0 9.0
0.0 2.0 10.0 0.0 2.0 10.0
0.0 2.0 11.0 0.0 2.0 11.0
0.0 2.0 11.5 0.0 2.0 11.5
0.0 2.0 12.0 0.0 2.0 12.0
0.0 2.0 13.0 0.0 2.0 13.0
0.0 2.0 13.25 0.0 2.0 13.25
0.0 2.0 14.0 0.0 2.0 14.0
0.0 2.0 15.0 0.0 2.0 15.0
0.0 2.0 16.0 0.0 2.0 16.0
0.0 2.0 17.0 0.0 2.0 17.0
0.0 2.0 17.5 0.0 2.0 17.5
0.0 2.0 18.0 0.0 2.0 18.0
0.0 2.0 18.25 0.0 2.0 18.25
0.0 2.0 19.0 0.0 2.0 19.0
0.0 3.0 0.0 0.0 3.0 0.0
0.0 3.0 1.0 0.0 3.0 1.0
0.0 3.0 2.0 0.0 3.0 2.0
0.0 3.0 3.0 0.0 3.0 3.0
0.0 3.0 3.25 0.0 3.0 3.25
0.0 3.0 3.4166666666666665 0.0 3.0 3.4166666666666665
0.0 3.0 4.0 0.0 3.0 4.0
0.0 3.0 5.0 0.0 3.0 5.0
0.0 3.0 5.5 0.0 3.0 5.5
0.0 3.0 6.0 0.0 3.0 6.0
0.0 3.0 7.0 0.0 3.0 7.0
0.0 3.0 8.0 0.0 3.0 8.0
0.0 3.0 8.166666666666666 0.0 3.0 8.166666666666666
0.0 3.0 8.25 0.0 3.0 8.25
0.0 3.0 9.0 0.0 3.0 9.0
0.0 3.0 10.0 0.0 3.0 10.0
0.0 3.0 11.0 0.0 3.0 11.0
0.0 3.0 11.5 0.0 3.0 11.5
0.0 3.0 12.0 0.0 3.0 12.0
0.0 3.0 12.166666666666666 0.0 3.0 12.166666666666666
0.0 3.0 13.0 0.0 3.0 13.0
0.0 3.0 13.25 0.0 3.0 13.25
0.0 3.0 14.0 0.0 3.0 14.0
0.0 3.0 15.0 0.0 3.0 15.0
0.0 3.0 16.0 0.0 3.0 16.0
0.0 3.0 17.0 0.0 3.0 17.0
0.0 3.0 17.166666666666668 0.0 3.0 17.166666666666668
0.0 3.0 17.5 0.0 3.0 17.5
0.0 3.0 18.0 0.0 3.0 18.0
0.0 3.0 18.25 0.0 3.0 18.25
0.0 3.0 19.0 0.0 3.0 19.0
0.0 4.0 0.0 0.0 4.0 0.0
0.0 4.0 1.0 0.0 4.0 1.0
0.0 4.0 1.125 0.0 4.0 1.125
0.0 4.0 2.0 0.0 4.0 2.0
0.0 4.0 3.0 0.0 4.0 3.0
0.0 4.0 3.25 0.0 4.0 3.25
0.0 4.0 3.4166666666666665 0.0 4.0 3.4166666666666665
0.0 4.0 4.0 0.0 4.0 4.0
0.0 4.0 5.0 0.0 4.0 5.0
0.0 4.0 5.125 0.0 4.0 5.125
0.0 4.0 5.5 0.0 4.0 5.5
0.0 4.0 6.0 0.0 4.0 6.0
0.0 4.0 7.0 0.0 4.0 7.0
0.0 4.0 8.0 0.0 4.0 8.0
0.0 4.0 8.166666666666666 0.0 4.0 8.166666666666666
0.0 4.0 8.25 0.0 4.0 8.25
0.0 4.0 8.375 0.0 4.0 8.375
0.0 4.0 9.0 0.0 4.0 9.0
0.0 4.0 10.0 0.0 4.0 10.0
0.0 4.0 11.0 0.0 4.0 11.0
0.0 4.0 11.5 0.0 4.0 11.5
0.0 4.0 12.0 0.0 4.0 12.0
0.0 4.0 12.166666666666666 0.0 4.0 12.166666666666666
0.0 4.0 12.291666666666666 0.0 4.0 12.291666666666666
0.0 4.0 13.0 0.0 4.0 13.0
0.0 4.0 13.25 0.0 4.0 13.25
0.0 4.0 14.0 0.0 4.0 14.0
0.0 4.0 15.0 0.0 4.0 15.0
0.0 4.0 16.0 0.0 4.0 16.0
0.0 4.0 17.0 0.0 4.0 17.0
0.0 4.0 17.125 0.0 4.0 17.125
0.0 4.0 17.166666666666668 0.0 4.0 17.166666666666668
0.0 4.0 17.5 0.0 4.0 17.5
0.0 4.0 18.0 0.0 4.0 18.0
0.0 4.0 18.25 0.0 4.0 18.25
0.0 4.0 19.0 0.0 4.0 19.0
0.0 5.0 0.0 0.0 5.0 0.0
0.0 5.0 0.1 0.0 5.0 0.1
0.0 5.0 1.0 0.0 5.0 1.0
0.0 5.0 1.125 0.0 5.0 1.125
0.0 5.0 2.0 0.0 5.0 2.0
0.0 5.0 3.0 0.0 5.0 3.0
0.0 5.0 3.25 0.0 5.0 3.25
0.0 5.0 3.4166666666666665 0.0 5.0 3.4166666666666665
0.0 5.0 3.5166666666666666 0.0 5.0 3.5166666666666666
0.0 5.0 4.0 0.0 5.0 4.0
0.0 5.0 5.0 0.0 5.0 5.0
0.0 5.0 5.125 0.0 5.0 5.125
0.0 5.0 5.5 0.0 5.0 5.5
0.0 5.0 6.0 0.0 5.0 6.0
0.0 5.0 7.0 0.0 5.0 7.0
0.0 5.0 7.1 0.0 5.0 7.1
0.0 5.0 8.0 0.0 5.0 8.0
0.0 5.0 8.166666666666666 0.0 5.0 8.166666666666666
0.0 5.0 8.25 0.0 5.0 8.25
0.0 5.0 8.375 0.0 5.0 8.375
0.0 5.0 9.0 0.0 5.0 9.0
0.0 5.0 10.0 0.0 5.0 10.0
0.0 5.0 10.1 0.0 5.0 10.1
0.0 5.0 11.0 0.0 5.0 11.0
0.0 5.0 11.5 0.0 5.0 11.5
0.0 5.0 12.0 0.0 5.0 12.0
0.0 5.0 12.166666666666666 0.0 5.0 12.166666666666666
0.0 5.0 12.291666666666666 0.0 5.0 12.291666666666666
0.0 5.0 13.0 0.0 5.0 13.0
0.0 5.0 13.1 0.0 5.0 13.1
0.0 5.0 13.25 0.0 5.0 13.25
0.0 5.0 14.0 0.0 5.0 14.0
0.0 5.0 15.0 0.0 5.0 15.0
0.0 5.0 16.0 0.0 5.0 16.0
0.0 5.0 17.0 0.0 5.0 17.0
0.0 5.0 17.125 0.0 5.0 17.125
0.0 5.0 17.225 0.0 5.0 17.225
0.0 5.0 17.166666666666668 0.0 5.0 17.166666666666668
0.0 5.0 17.5 0.0 5.0 17.5
0.0 5.0 18.0 0.0 5.0 18.0
0.0 5.0 18.25 0.0 5.0 18.25
0.0 5.0 19.0 0.0 5.0 19.0
0.0 6.0 0.0 0.0 6.0 0.0
0.0 6.0 0.08333333333333333 0.0 6.0 0.08333333333333333
0.0 6.0 0.1 0.0 6.0 0.1
0.0 6.0 1.0 0.0 6.0 1.0
0.0 6.0 1.125 0.0 6.0 1.125
0.0 6.0 2.0 0.0 6.0 2.0
0.0 6.0 3.0 0.0 6.0 3.0
0.0 6.0 3.25 0.0 6.0 3.25
0.0 6.0 3.3333333333333335 0.0 6.0 3.3333333333333335
0.0 6.0 3.4166666666666665 0.0 6.0 3.4166666666666665
0.0 6.0 3.5166666666666666 0.0 6.0 3.5166666666666666
0.0 6.0 4.0 0.0 6.0 4.0
0.0 6.0 5.0 0.0 6.0 5.0
0.0 6.0 5.125 0.0 6.0 5.125
0.0 6.0 5.5 0.0 6.0 5.5
0.0 6.0 5.583333333333333 0.0 6.0 5.583333333333333
0.0 6.0 6.0 0.0 6.0 6.0
0.0 6.0 7.0 0.0 6.0 7.0
0.0 6.0 7.1 0.0 6.0 7.1
0.0 6.0 8.0 0.0 6.0 8.0
0.0 6.0 8.166666666666666 0.0 6.0 8.166666666666666
0.0 6.0 8.25 0.0 6.0 8.25
0.0 6.0 8.333333333333334 0.0 6.0 8.333333333333334
0.0 6.0 8.375 0.0 6.0 8.375
0.0 6.0 9.0 0.0 6.0 9.0
0.0 6.0 10.0 0.0 6.0 10.0
0.0 6.0 10.1 0.0 6.0 10.1
0.0 6.0 11.0 0.0 6.0 11.0
0.0 6.0 11.5 0.0 6.0 11.5
0.0 6.0 11.583333333333334 0.0 6.0 11.583333333333334
0.0 6.0 12.0 0.0 6.0 12.0
0.0 6.0 12.166666666666666 0.0 6.0 12.166666666666666
0.0 6.0 12.291666666666666 0.0 6.0 12.291666666666666
0.0 6.0 13.0 0.0 6.0 13.0
0.0 6.0 13.1 0.0 6.0 13.1
0.0 6.0 13.25 0.0 6.0 13.25
0.0 6.0 13.333333333333334 0.0 6.0 13.333333333333334
0.0 6.0 14.0 0.0 6.0 14.0
0.0 6.0 15.0 0.0 6.0 15.0
0.0 6.0 16.0 0.0 6.0 16.0
0.0 6.0 17.0 0.0 6.0 17.0
0.0 6.0 17.125 0.0 6.0 17.125
0.0 6.0 17.225 0.0 6.0 17.225
0.0 6.0 17.308333333333334 0.0 6.0 17.308333333333334
0.0 6.0 17.166666666666668 0.0 6.0 17.166666666666668
0.0 6.0 17.5 0.0 6.0 17.5
0.0 6.0 18.0 0.0 6.0 18.0
0.0 6.0 18.25 0.0 6.0 18.25
0.0 6.0 19.0 0.0 6.0 19.0
0.0 7.0 0.0 0.0 7.0 0.0
0.0 7.0 0.07142857142857142 0.0 7.0 0.07142857142857142
0.0 7.0 0.08333333333333333 0.0 7.0 0.08333333333333333
0.0 7.0 0.1 0.0 7.0 0.1
0.0 7.0 1.0 0.0 7.0 1.0
0.0 7.0 1.125 0.0 7.0 1.125
0.0 7.0 2.0 0.0 7.0 2.0
0.0 7.0 3.0 0.0 7.0 3.0
0.0 7.0 3.0714285714285716 0.0 7.0 3.0714285714285716
0.0 7.0 3.25 0.0 7.0 3.25
0.0 7.0 3.3333333333333335 0.0 7.0 3.3333333333333335
0.0 7.0 3.4166666666666665 0.0 7.0 3.4166666666666665
0.0 7.0 3.5166666666666666 0.0 7.0 3.5166666666666666
0.0 7.0 4.0 0.0 7.0 4.0
0.0 7.0 5.0 0.0 7.0 5.0
0.0 7.0 5.071428571428571 0.0 7.0 5.071428571428571
0.0 7.0 5.125 0.0 7.0 5.125
0.0 7.0 5.5 0.0 7.0 5.5
0.0 7.0 5.583333333333333 0.0 7.0 5.583333333333333
0.0 7.0 6.0 0.0 7.0 6.0
0.0 7.0 7.0 0.0 7.0 7.0
0.0 7.0 7.1 0.0 7.0 7.1
0.0 7.0 7.171428571428571 0.0 7.0 7.171428571428571
0.0 7.0 8.0 0.0 7.0 8.0
0.0 7.0 8.166666666666666 0.0 7.0 8.166666666666666
0.0 7.0 8.25 0.0 7.0 8.25
0.0 7.0 8.333333333333334 0.0 7.0 8.333333333333334
0.0 7.0 8.375 0.0 7.0 8.375
0.0 7.0 9.0 0.0 7.0 9.0
0.0 7.0 9.071428571428571 0.0 7.0 9.071428571428571
0.0 7.0 10.0 0.0 7.0 10.0
0.0 7.0 10.1 0.0 7.0 10.1
0.0 7.0 11.0 0.0 7.0 11.0
0.0 7.0 11.5 0.0 7.0 11.5
0.0 7.0 11.583333333333334 0.0 7.0 11.583333333333334
0.0 7.0 12.0 0.0 7.0 12.0
0.0 7.0 12.071428571428571 0.0 7.0 12.071428571428571
0.0 7.0 12.166666666666666 0.0 7.0 12.166666666666666
0.0 7.0 12.291666666666666 0.0 7.0 12.291666666666666
0.0 7.0 13.0 0.0 7.0 13.0
0.0 7.0 13.1 0.0 7.0 13.1
0.0 7.0 13.25 0.0 7.0 13.25
0.0 7.0 13.333333333333334 0.0 7.0 13.333333333333334
0.0 7.0 13.404761904761905 0.0 7.0 13.404761904761905
0.0 7.0 14.0 0.0 7.0 14.0
0.0 7.0 15.0 0.0 7.0 15.0
0.0 7.0 16.0 0.0 7.0 16.0
0.0 7.0 17.0 0.0 7.0 17.0
0.0 7.0 17.125 0.0 7.0 17.125
0.0 7.0 17.225 0.0 7.0 17.225
0.0 7.0 17.296428571428574 0.0 7.0 17.296428571428574
0.0 7.0 17.308333333333334 0.0 7.0 17.308333333333334
0.0 7.0 17.166666666666668 0.0 7.0 17.166666666666668
0.0 7.0 17.5 0.0 7.0 17.5
0.0 7.0 18.0 0.0 7.0 18.0
0.0 7.0 18.25 0.0 7.0 18.25
0.0 7.0 19.0 0.0 7.0 19.0
0.0 7.0 19.071428571428573 0.0 7.0 19.071428571428573
0.0 8.0 0.0 0.0 8.0 0.0
0.0 8.0 0.07142857142857142 0.0 8.0 0.07142857142857142
0.0 8.0 0.08333333333333333 0.0 8.0 0.08333333333333333
0.0 8.0 0.1 0.0 8.0 0.1
0.0 8.0 1.0 0.0 8.0 1.0
0.0 8.0 1.125 0.0 8.0 1.125
0.0 8.0 1.1875 0.0 8.0 1.1875
0.0 8.0 2.0 0.0 8.0 2.0
0.0 8.0 3.0 0.0 8.0 3.0
0.0 8.0 3.0714285714285716 0.0 8.0 3.0714285714285716
0.0 8.0 3.25 0.0 8.0 3.25
0.0 8.0 3.3333333333333335 0.0 8.0 3.3333333333333335
0.0 8.0 3.4166666666666665 0.0 8.0 3.4166666666666665
0.0 8.0 3.4791666666666665 0.0 8.0 3.4791666666666665
0.0 8.0 3.5166666666666666 0.0 8.0 3.5166666666666666
0.0 8.0 4.0 0.0 8.0 4.0
0.0 8.0 5.0 0.0 8.0 5.0
0.0 8.0 5.071428571428571 0.0 8.0 5.071428571428571
0.0 8.0 5.125 0.0 8.0 5.125
0.0 8.0 5.5 0.0 8.0 5.5
0.0 8.0 5.5625 0.0 8.0 5.5625
0.0 8.0 5.583333333333333 0.0 8.0 5.583333333333333
0.0 8.0 6.0 0.0 8.0 6.0
0.0 8.0 7.0 0.0 8.0 7.0
0.0 8.0 7.1 0.0 8.0 7.1
0.0 8.0 7.171428571428571 0.0 8.0 7.171428571428571
0.0 8.0 8.0 0.0 8.0 8.0
0.0 8.0 8.0625 0.0 8.0 8.0625
0.0 8.0 8.166666666666666 0.0 8.0 8.166666666666666
0.0 8.0 8.25 0.0 8.0 8.25
0.0 8.0 8.333333333333334 0.0 8.0 8.333333333333334
0.0 8.0 8.375 0.0 8.0 8.375
0.0 8.0 9.0 0.0 8.0 9.0
0.0 8.0 9.071428571428571 0.0 8.0 9.071428571428571
0.0 8.0 9.133928571428571 0.0 8.0 9.133928571428571
0.0 8.0 10.0 0.0 8.0 10.0
0.0 8.0 10.1 0.0 8.0 10.1
0.0 8.0 11.0 0.0 8.0 11.0
0.0 8.0 11.5 0.0 8.0 11.5
0.0 8.0 11.583333333333334 0.0 8.0 11.583333333333334
0.0 8.0 12.0 0.0 8.0 12.0
0.0 8.0 12.0625 0.0 8.0 12.0625
0.0 8.0 12.071428571428571 0.0 8.0 12.071428571428571
0.0 8.0 12.166666666666666 0.0 8.0 12.166666666666666
0.0 8.0 12.291666666666666 0.0 8.0 12.291666666666666
0.0 8.0 13.0 0.0 8.0 13.0
0.0 8.0 13.1 0.0 8.0 13.1
0.0 8.0 13.25 0.0 8.0 13.25
0.0 8.0 13.3125 0.0 8.0 13.3125
0.0 8.0 13.333333333333334 0.0 8.0 13.333333333333334
0.0 8.0 13.404761904761905 0.0 8.0 13.404761904761905
0.0 8.0 14.0 0.0 8.0 14.0
0.0 8.0 15.0 0.0 8.0 15.0
0.0 8.0 16.0 0.0 8.0 16.0
0.0 8.0 17.0 0.0 8.0 17.0
0.0 8.0 17.0625 0.0 8.0 17.0625
0.0 8.0 17.125 0.0 8.0 17.125
0.0 8.0 17.225 0.0 8.0 17.225
0.0 8.0 17.296428571428574 0.0 8.0 17.296428571428574
0.0 8.0 17.308333333333334 0.0 8.0 17.308333333333334
0.0 8.0 17.166666666666668 0.0 8.0 17.166666666666668
0.0 8.0 17.5 0.0 8.0 17.5
0.0 8.0 17.5625 0.0 8.0 17.5625
0.0 8.0 18.0 0.0 8.0 18.0
0.0 8.0 18.25 0.0 8.0 18.25
0.0 8.0 19.0 0.0 8.0 19.0
0.0 8.0 19.071428571428573 0.0 8.0 19.071428571428573
0.0 9.0 0.0 0.0 9.0 0.0
0.0 9.0 0.07142857142857142 0.0 9.0 0.07142857142857142
0.0 9.0 0.12698412698412698 0.0 9.0 0.12698412698412698
0.0 9.0 0.08333333333333333 0.0 9.0 0.08333333333333333
0.0 9.0 0.1 0.0 9.0 0.1
0.0 9.0 1.0 0.0 9.0 1.0
0.0 9.0 1.125 0.0 9.0 1.125
0.0 9.0 1.1875 0.0 9.0 1.1875
0.0 9.0 2.0 0.0 9.0 2.0
0.0 9.0 2.0555555555555554 0.0 9.0 2.0555555555555554
0.0 9.0 3.0 0.0 9.0 3.0
0.0 9.0 3.0714285714285716 0.0 9.0 3.0714285714285716
0.0 9.0 3.25 0.0 9.0 3.25
0.0 9.0 3.3333333333333335 0.0 9.0 3.3333333333333335
0.0 9.0 3.4166666666666665 0.0 9.0 3.4166666666666665
0.0 9.0 3.4791666666666665 0.0 9.0 3.4791666666666665
0.0 9.0 3.534722222222222 0.0 9.0 3.534722222222222
0.0 9.0 3.5166666666666666 0.0 9.0 3.5166666666666666
0.0 9.0 4.0 0.0 9.0 4.0
0.0 9.0 5.0 0.0 9.0 5.0
0.0 9.0 5.071428571428571 0.0 9.0 5.071428571428571
0.0 9.0 5.125 0.0 9.0 5.125
0.0 9.0 5.5 0.0 9.0 5.5
0.0 9.0 5.555555555555555 0.0 9.0 5.555555555555555
0.0 9.0 5.5625 0.0 9.0 5.5625
0.0 9.0 5.583333333333333 0.0 9.0 5.583333333333333
0.0 9.0 6.0 0.0 9.0 6.0
0.0 9.0 7.0 0.0 9.0 7.0
0.0 9.0 7.1 0.0 9.0 7.1
0.0 9.0 7.171428571428571 0.0 9.0 7.171428571428571
0.0 9.0 7.226984126984126 0.0 9.0 7.226984126984126
0.0 9.0 8.0 0.0 9.0 8.0
0.0 9.0 8.0625 0.0 9.0 8.0625
0.0 9.0 8.166666666666666 0.0 9.0 8.166666666666666
0.0 9.0 8.25 0.0 9.0 8.25
0.0 9.0 8.333333333333334 0.0 9.0 8.333333333333334
0.0 9.0 8.375 0.0 9.0 8.375
0.0 9.0 8.430555555555555 0.0 9.0 8.430555555555555
0.0 9.0 9.0 0.0 9.0 9.0
0.0 9.0 9.071428571428571 0.0 9.0 9.071428571428571
0.0 9.0 9.133928571428571 0.0 9.0 9.133928571428571
0.0 9.0 10.0 0.0 9.0 10.0
0.0 9.0 10.1 0.0 9.0 10.1
0.0 9.0 11.0 0.0 9.0 11.0
0.0 9.0 11.055555555555555 0.0 9.0 11.055555555555555
0.0 9.0 11.5 0.0 9.0 11.5
0.0 9.0 11.583333333333334 0.0 9.0 11.583333333333334
0.0 9.0 12.0 0.0 9.0 12.0
0.0 9.0 12.0625 0.0 9.0 12.0625
0.0 9.0 12.071428571428571 0.0 9.0 12.071428571428571
0.0 9.0 12.166666666666666 0.0 9.0 12.166666666666666
0.0 9.0 12.222222222222221 0.0 9.0 12.222222222222221
0.0 9.0 12.291666666666666 0.0 9.0 12.291666666666666
0.0 9.0 13.0 0.0 9.0 13.0
0.0 9.0 13.1 0.0 9.0 13.1
0.0 9.0 13.25 0.0 9.0 13.25
0.0 9.0 13.3125 0.0 9.0 13.3125
0.0 9.0 13.333333333333334 0.0 9.0 13.333333333333334
0.0 9.0 13.38888888888889 0.0 9.0 13.38888888888889
0.0 9.0 13.404761904761905 0.0 9.0 13.404761904761905
0.0 9.0 14.0 0.0 9.0 14.0
0.0 9.0 15.0 0.0 9.0 15.0
0.0 9.0 16.0 0.0 9.0 16.0
0.0 9.0 17.0 0.0 9.0 17.0
0.0 9.0 17.0625 0.0 9.0 17.0625
0.0 9.0 17.118055555555557 0.0 9.0 17.118055555555557
0.0 9.0 17.125 0.0 9.0 17.125
0.0 9.0 17.225 0.0 9.0 17.225
0.0 9.0 17.296428571428574 0.0 9.0 17.296428571428574
0.0 9.0 17.308333333333334 0.0 9.0 17.308333333333334
0.0 9.0 17.166666666666668 0.0 9.0 17.166666666666668
0.0 9.0 17.5 0.0 9.0 17.5
0.0 9.0 17.555555555555557 0.0 9.0 17.555555555555557
0.0 9.0 17.5625 0.0 9.0 17.5625
0.0 9.0 18.0 0.0 9.0 18.0
0.0 9.0 18.25 0.0 9.0 18.25
0.0 9.0 19.0 0.0 9.0 19.0
0.0 9.0 19.071428571428573 0.0 9.0 19.071428571428573
0.0 10.0 0.0 0.0 10.0 0.0
0.0 10.0 0.05 0.0 10.0 0.05
0.0 10.0 0.07142857142857142 0.0 10.0 0.07142857142857142
0.0 10.0 0.12698412698412698 0.0 10.0 0.12698412698412698
0.0 10.0 0.08333333333333333 0.0 10.0 0.08333333333333333
0.0 10.0 0.1 0.0 10.0 0.1
0.0 10.0 1.0 0.0 10.0 1.0
0.0 10.0 1.125 0.0 10.0 1.125
0.0 10.0 1.175 0.0 10.0 1.175
0.0 10.0 1.1875 0.0 10.0 1.1875
0.0 10.0 2.0 0.0 10.0 2.0
0.0 10.0 2.0555555555555554 0.0 10.0 2.0555555555555554
0.0 10.0 3.0 0.0 10.0 3.0
0.0 10.0 3.0714285714285716 0.0 10.0 3.0714285714285716
0.0 10.0 3.25 0.0 10.0 3.25
0.0 10.0 3.3 0.0 10.0 3.3
0.0 10.0 3.3333333333333335 0.0 10.0 3.3333333333333335
0.0 10.0 3.4166666666666665 0.0 10.0 3.4166666666666665
0.0 10.0 3.4791666666666665 0.0 10.0 3.4791666666666665
0.0 10.0 3.534722222222222 0.0 10.0 3.534722222222222
0.0 10.0 3.5166666666666666 0.0 10.0 3.5166666666666666
0.0 10.0 4.0 0.0 10.0 4.0
0.0 10.0 4.05 0.0 10.0 4.05
0.0 10.0 5.0 0.0 10.0 5.0
0.0 10.0 5.071428571428571 0.0 10.0 5.071428571428571
0.0 10.0 5.125 0.0 10.0 5.125
0.0 10.0 5.5 0.0 10.0 5.5
0.0 10.0 5.555555555555555 0.0 10.0 5.555555555555555
0.0 10.0 5.5625 0.0 10.0 5.5625
0.0 10.0 5.6125 0.0 10.0 5.6125
0.0 10.0 5.583333333333333 0.0 10.0 5.583333333333333
0.0 10.0 6.0 0.0 10.0 6.0
0.0 10.0 7.0 0.0 10.0 7.0
0.0 10.0 7.1 0.0 10.0 7.1
0.0 10.0 7.171428571428571 0.0 10.0 7.171428571428571
0.0 10.0 7.226984126984126 0.0 10.0 7.226984126984126
0.0 10.0 7.276984126984126 0.0 10.0 7.276984126984126
0.0 10.0 8.0 0.0 10.0 8.0
0.0 10.0 8.0625 0.0 10.0 8.0625
0.0 10.0 8.166666666666666 0.0 10.0 8.166666666666666
0.0 10.0 8.25 0.0 10.0 8.25
0.0 10.0 8.333333333333334 0.0 10.0 8.333333333333334
0.0 10.0 8.375 0.0 10.0 8.375
0.0 10.0 8.425 0.0 10.0 8.425
0.0 10.0 8.430555555555555 0.0 10.0 8.430555555555555
0.0 10.0 9.0 0.0 10.0 9.0
0.0 10.0 9.071428571428571 0.0 10.0 9.071428571428571
0.0 10.0 9.133928571428571 0.0 10.0 9.133928571428571
0.0 10.0 10.0 0.0 10.0 10.0
0.0 10.0 10.1 0.0 10.0 10.1
0.0 10.0 10.15 0.0 10.0 10.15
0.0 10.0 11.0 0.0 10.0 11.0
0.0 10.0 11.055555555555555 0.0 10.0 11.055555555555555
0.0 10.0 11.5 0.0 10.0 11.5
0.0 10.0 11.583333333333334 0.0 10.0 11.583333333333334
0.0 10.0 12.0 0.0 10.0 12.0
0.0 10.0 12.0625 0.0 10.0 12.0625
0.0 10.0 12.1125 0.0 10.0 12.1125
0.0 10.0 12.071428571428571 0.0 10.0 12.071428571428571
0.0 10.0 12.166666666666666 0.0 10.0 12.166666666666666
0.0 10.0 12.222222222222221 0.0 10.0 12.222222222222221
0.0 10.0 12.291666666666666 0.0 10.0 12.291666666666666
0.0 10.0 13.0 0.0 10.0 13.0
0.0 10.0 13.1 0.0 10.0 13.1
0.0 10.0 13.15 0.0 10.0 13.15
0.0 10.0 13.25 0.0 10.0 13.25
0.0 10.0 13.3125 0.0 10.0 13.3125
0.0 10.0 13.333333333333334 0.0 10.0 13.333333333333334
0.0 10.0 13.38888888888889 0.0 10.0 13.38888888888889
0.0 10.0 13.404761904761905 0.0 10.0 13.404761904761905
0.0 10.0 14.0 0.0 10.0 14.0
0.0 10.0 14.05 0.0 10.0 14.05
0.0 10.0 15.0 0.0 10.0 15.0
0.0 10.0 16.0 0.0 10.0 16.0
0.0 10.0 17.0 0.0 10.0 17.0
0.0 10.0 17.0625 0.0 10.0 17.0625
0.0 10.0 17.118055555555557 0.0 10.0 17.118055555555557
0.0 10.0 17.125 0.0 10.0 17.125
0.0 10.0 17.175 0.0 10.0 17.175
0.0 10.0 17.225 0.0 10.0 17.225
0.0 10.0 17.296428571428574 0.0 10.0 17.296428571428574
0.0 10.0 17.308333333333334 0.0 10.0 17.308333333333334
0.0 10.0 17.166666666666668 0.0 10.0 17.166666666666668
0.0 10.0 17.5 0.0 10.0 17.5
0.0 10.0 17.555555555555557 0.0 10.0 17.555555555555557
0.0 10.0 17.605555555555558 0.0 10.0 17.605555555555558
0.0 10.0 17.5625 0.0 10.0 17.5625
0.0 10.0 18.0 0.0 10.0 18.0
0.0 10.0 18.25 0.0 10.0 18.25
0.0 10.0 19.0 0.0 10.0 19.0
0.0 10.0 19.071428571428573 0.0 10.0 19.071428571428573
0.0 11.0 0.0 0.0 11.0 0.0
0.0 11.0 0.045454545454545456 0.0 11.0 0.045454545454545456
0.0 11.0 0.05 0.0 11.0 0.05
0.0 11.0 0.07142857142857142 0.0 11.0 0.07142857142857142
0.0 11.0 0.12698412698412698 0.0 11.0 0.12698412698412698
0.0 11.0 0.08333333333333333 0.0 11.0 0.08333333333333333
0.0 11.0 0.1 0.0 11.0 0.1
0.0 11.0 1.0 0.0 11.0 1.0
0.0 11.0 1.0454545454545454 0.0 11.0 1.0454545454545454
0.0 11.0 1.125 0.0 11.0 1.125
0.0 11.0 1.175 0.0 11.0 1.175
0.0 11.0 1.1875 0.0 11.0 1.1875
0.0 11.0 2.0 0.0 11.0 2.0
0.0 11.0 2.0555555555555554 0.0 11.0 2.0555555555555554
0.0 11.0 3.0 0.0 11.0 3.0
0.0 11.0 3.0454545454545454 0.0 11.0 3.0454545454545454
0.0 11.0 3.0714285714285716 0.0 11.0 3.0714285714285716
0.0 11.0 3.25 0.0 11.0 3.25
0.0 11.0 3.3 0.0 11.0 3.3
0.0 11.0 3.3333333333333335 0.0 11.0 3.3333333333333335
0.0 11.0 3.4166666666666665 0.0 11.0 3.4166666666666665
0.0 11.0 3.4791666666666665 0.0 11.0 3.4791666666666665
0.0 11.0 3.524621212121212 0.0 11.0 3.524621212121212
0.0 11.0 3.534722222222222 0.0 11.0 3.534722222222222
0.0 11.0 3.5166666666666666 0.0 11.0 3.5166666666666666
0.0 11.0 4.0 0.0 11.0 4.0
0.0 11.0 4.05 0.0 11.0 4.05
0.0 11.0 5.0 0.0 11.0 5.0
0.0 11.0 5.071428571428571 0.0 11.0 5.071428571428571
0.0 11.0 5.116883116883117 0.0 11.0 5.116883116883117
0.0 11.0 5.125 0.0 11.0 5.125
0.0 11.0 5.5 0.0 11.0 5.5
0.0 11.0 5.555555555555555 0.0 11.0 5.555555555555555
0.0 11.0 5.5625 0.0 11.0 5.5625
0.0 11.0 5.6125 0.0 11.0 5.6125
0.0 11.0 5.583333333333333 0.0 11.0 5.583333333333333
0.0 11.0 5.628787878787879 0.0 11.0 5.628787878787879
0.0 11.0 6.0 0.0 11.0 6.0
0.0 11.0 7.0 0.0 11.0 7.0
0.0 11.0 7.1 0.0 11.0 7.1
0.0 11.0 7.171428571428571 0.0 11.0 7.171428571428571
0.0 11.0 7.226984126984126 0.0 11.0 7.226984126984126
0.0 11.0 7.276984126984126 0.0 11.0 7.276984126984126
0.0 11.0 7.322438672438672 0.0 11.0 7.322438672438672
0.0 11.0 8.0 0.0 11.0 8.0
0.0 11.0 8.0625 0.0 11.0 8.0625
0.0 11.0 8.166666666666666 0.0 11.0 8.166666666666666
0.0 11.0 8.25 0.0 11.0 8.25
0.0 11.0 8.333333333333334 0.0 11.0 8.333333333333334
0.0 11.0 8.375 0.0 11.0 8.375
0.0 11.0 8.420454545454545 0.0 11.0 8.420454545454545
0.0 11.0 8.425 0.0 11.0 8.425
0.0 11.0 8.430555555555555 0.0 11.0 8.430555555555555
0.0 11.0 9.0 0.0 11.0 9.0
0.0 11.0 9.071428571428571 0.0 11.0 9.071428571428571
0.0 11.0 9.133928571428571 0.0 11.0 9.133928571428571
0.0 11.0 10.0 0.0 11.0 10.0
0.0 11.0 10.045454545454545 0.0 11.0 10.045454545454545
0.0 11.0 10.1 0.0 11.0 10.1
0.0 11.0 10.15 0.0 11.0 10.15
0.0 11.0 11.0 0.0 11.0 11.0
0.0 11.0 11.055555555555555 0.0 11.0 11.055555555555555
0.0 11.0 11.5 0.0 11.0 11.5
0.0 11.0 11.583333333333334 0.0 11.0 11.583333333333334
0.0 11.0 11.628787878787879 0.0 11.0 11.628787878787879
0.0 11.0 12.0 0.0 11.0 12.0
0.0 11.0 12.0625 0.0 11.0 12.0625
0.0 11.0 12.1125 0.0 11.0 12.1125
0.0 11.0 12.071428571428571 0.0 11.0 12.071428571428571
0.0 11.0 12.166666666666666 0.0 11.0 12.166666666666666
0.0 11.0 12.222222222222221 0.0 11.0 12.222222222222221
0.0 11.0 12.267676767676766 0.0 11.0 12.267676767676766
0.0 11.0 12.291666666666666 0.0 11.0 12.291666666666666
0.0 11.0 13.0 0.0 11.0 13.0
0.0 11.0 13.1 0.0 11.0 13.1
0.0 11.0 13.15 0.0 11.0 13.15
0.0 11.0 13.25 0.0 11.0 13.25
0.0 11.0 13.3125 0.0 11.0 13.3125
0.0 11.0 13.357954545454545 0.0 11.0 13.357954545454545
0.0 11.0 13.333333333333334 0.0 11.0 13.333333333333334
0.0 11.0 13.38888888888889 0.0 11.0 13.38888888888889
0.0 11.0 13.404761904761905 0.0 11.0 13.404761904761905
0.0 11.0 14.0 0.0 11.0 14.0
0.0 11.0 14.05 0.0 11.0 14.05
0.0 11.0 15.0 0.0 11.0 15.0
0.0 11.0 15.045454545454545 0.0 11.0 15.045454545454545
0.0 11.0 16.0 0.0 11.0 16.0
0.0 11.0 17.0 0.0 11.0 17.0
0.0 11.0 17.0625 0.0 11.0 17.0625
0.0 11.0 17.118055555555557 0.0 11.0 17.118055555555557
0.0 11.0 17.125 0.0 11.0 17.125
0.0 11.0 17.175 0.0 11.0 17.175
0.0 11.0 17.220454545454547 0.0 11.0 17.220454545454547
0.0 11.0 17.225 0.0 11.0 17.225
0.0 11.0 17.296428571428574 0.0 11.0 17.296428571428574
0.0 11.0 17.308333333333334 0.0 11.0 17.308333333333334
0.0 11.0 17.166666666666668 0.0 11.0 17.166666666666668
0.0 11.0 17.5 0.0 11.0 17.5
0.0 11.0 17.555555555555557 0.0 11.0 17.555555555555557
0.0 11.0 17.601010101010104 0.0 11.0 17.601010101010104
0.0 11.0 17.605555555555558 0.0 11.0 17.605555555555558
0.0 11.0 17.5625 0.0 11.0 17.5625
0.0 11.0 18.0 0.0 11.0 18.0
0.0 11.0 18.25 0.0 11.0 18.25
0.0 11.0 19.0 0.0 11.0 19.0
0.0 11.0 19.071428571428573 0.0 11.0 19.071428571428573
0.0 11.0 19.11688311688312 0.0 11.0 19.11688311688312
0.0 12.0 0.0 0.0 12.0 0.0
0.0 12.0 0.045454545454545456 0.0 12.0 0.045454545454545456
0.0 12.0 0.05 0.0 12.0 0.05
0.0 12.0 0.07142857142857142 0.0 12.0 0.07142857142857142
0.0 12.0 0.12698412698412698 0.0 12.0 0.12698412698412698
0.0 12.0 0.08333333333333333 0.0 12.0 0.08333333333333333
0.0 12.0 0.125 0.0 12.0 0.125
0.0 12.0 0.1 0.0 12.0 0.1
0.0 12.0 1.0 0.0 12.0 1.0
0.0 12.0 1.0454545454545454 0.0 12.0 1.0454545454545454
0.0 12.0 1.125 0.0 12.0 1.125
0.0 12.0 1.175 0.0 12.0 1.175
0.0 12.0 1.1875 0.0 12.0 1.1875
0.0 12.0 1.2291666666666667 0.0 12.0 1.2291666666666667
0.0 12.0 2.0 0.0 12.0 2.0
0.0 12.0 2.0555555555555554 0.0 12.0 2.0555555555555554
0.0 12.0 3.0 0.0 12.0 3.0
0.0 12.0 3.0454545454545454 0.0 12.0 3.0454545454545454
0.0 12.0 3.0714285714285716 0.0 12.0 3.0714285714285716
0.0 12.0 3.25 0.0 12.0 3.25
0.0 12.0 3.2916666666666665 0.0 12.0 3.2916666666666665
0.0 12.0 3.3 0.0 12.0 3.3
0.0 12.0 3.3333333333333335 0.0 12.0 3.3333333333333335
0.0 12.0 3.4166666666666665 0.0 12.0 3.4166666666666665
0.0 12.0 3.4791666666666665 0.0 12.0 3.4791666666666665
0.0 12.0 3.524621212121212 0.0 12.0 3.524621212121212
0.0 12.0 3.534722222222222 0.0 12.0 3.534722222222222
0.0 12.0 3.5763888888888884 0.0 12.0 3.5763888888888884
0.0 12.0 3.5166666666666666 0.0 12.0 3.5166666666666666
0.0 12.0 4.0 0.0 12.0 4.0
0.0 12.0 4.05 0.0 12.0 4.05
0.0 12.0 5.0 0.0 12.0 5.0
0.0 12.0 5.071428571428571 0.0 12.0 5.071428571428571
0.0 12.0 5.116883116883117 0.0 12.0 5.116883116883117
0.0 12.0 5.158549783549784 0.0 12.0 5.158549783549784
0.0 12.0 5.125 0.0 12.0 5.125
0.0 12.0 5.5 0.0 12.0 5.5
0.0 12.0 5.555555555555555 0.0 12.0 5.555555555555555
0.0 12.0 5.5625 0.0 12.0 5.5625
0.0 12.0 5.6125 0.0 12.0 5.6125
0.0 12.0 5.583333333333333 0.0 12.0 5.583333333333333
0.0 12.0 5.625 0.0 12.0 5.625
0.0 12.0 5.628787878787879 0.0 12.0 5.628787878787879
0.0 12.0 6.0 0.0 12.0 6.0
0.0 12.0 7.0 0.0 12.0 7.0
0.0 12.0 7.1 0.0 12.0 7.1
0.0 12.0 7.171428571428571 0.0 12.0 7.171428571428571
0.0 12.0 7.226984126984126 0.0 12.0 7.226984126984126
0.0 12.0 7.268650793650793 0.0 12.0 7.268650793650793
0.0 12.0 7.276984126984126 0.0 12.0 7.276984126984126
0.0 12.0 7.322438672438672 0.0 12.0 7.322438672438672
0.0 12.0 8.0 0.0 12.0 8.0
0.0 12.0 8.0625 0.0 12.0 8.0625
0.0 12.0 8.166666666666666 0.0 12.0 8.166666666666666
0.0 12.0 8.25 0.0 12.0 8.25
0.0 12.0 8.291666666666666 0.0 12.0 8.291666666666666
0.0 12.0 8.333333333333334 0.0 12.0 8.333333333333334
0.0 12.0 8.375 0.0 12.0 8.375
0.0 12.0 8.420454545454545 0.0 12.0 8.420454545454545
0.0 12.0 8.425 0.0 12.0 8.425
0.0 12.0 8.430555555555555 0.0 12.0 8.430555555555555
0.0 12.0 9.0 0.0 12.0 9.0
0.0 12.0 9.041666666666666 0.0 12.0 9.041666666666666
0.0 12.0 9.071428571428571 0.0 12.0 9.071428571428571
0.0 12.0 9.133928571428571 0.0 12.0 9.133928571428571
0.0 12.0 10.0 0.0 12.0 10.0
0.0 12.0 10.045454545454545 0.0 12.0 10.045454545454545
0.0 12.0 10.1 0.0 12.0 10.1
0.0 12.0 10.15 0.0 12.0 10.15
0.0 12.0 10.191666666666666 0.0 12.0 10.191666666666666
0.0 12.0 11.0 0.0 12.0 11.0
0.0 12.0 11.055555555555555 0.0 12.0 11.055555555555555
0.0 12.0 11.5 0.0 12.0 11.5
0.0 12.0 11.583333333333334 0.0 12.0 11.583333333333334
0.0 12.0 11.628787878787879 0.0 12.0 11.628787878787879
0.0 12.0 12.0 0.0 12.0 12.0
0.0 12.0 12.041666666666666 0.0 12.0 12.041666666666666
0.0 12.0 12.0625 0.0 12.0 12.0625
0.0 12.0 12.1125 0.0 12.0 12.1125
0.0 12.0 12.071428571428571 0.0 12.0 12.071428571428571
0.0 12.0 12.166666666666666 0.0 12.0 12.166666666666666
0.0 12.0 12.222222222222221 0.0 12.0 12.222222222222221
0.0 12.0 12.267676767676766 0.0 12.0 12.267676767676766
0.0 12.0 12.309343434343432 0.0 12.0 12.309343434343432
0.0 12.0 12.291666666666666 0.0 12.0 12.291666666666666
0.0 12.0 13.0 0.0 12.0 13.0
0.0 12.0 13.1 0.0 12.0 13.1
0.0 12.0 13.15 0.0 12.0 13.15
0.0 12.0 13.25 0.0 12.0 13.25
0.0 12.0 13.3125 0.0 12.0 13.3125
0.0 12.0 13.354166666666666 0.0 12.0 13.354166666666666
0.0 12.0 13.357954545454545 0.0 12.0 13.357954545454545
0.0 12.0 13.333333333333334 0.0 12.0 13.333333333333334
0.0 12.0 13.38888888888889 0.0 12.0 13.38888888888889
0.0 12.0 13.404761904761905 0.0 12.0 13.404761904761905
0.0 12.0 14.0 0.0 12.0 14.0
0.0 12.0 14.05 0.0 12.0 14.05
0.0 12.0 14.091666666666667 0.0 12.0 14.091666666666667
0.0 12.0 15.0 0.0 12.0 15.0
0.0 12.0 15.045454545454545 0.0 12.0 15.045454545454545
0.0 12.0 16.0 0.0 12.0 16.0
0.0 12.0 17.0 0.0 12.0 17.0
0.0 12.0 17.0625 0.0 12.0 17.0625
0.0 12.0 17.118055555555557 0.0 12.0 17.118055555555557
0.0 12.0 17.159722222222225 0.0 12.0 17.159722222222225
0.0 12.0 17.125 0.0 12.0 17.125
0.0 12.0 17.175 0.0 12.0 17.175
0.0 12.0 17.220454545454547 0.0 12.0 17.220454545454547
0.0 12.0 17.225 0.0 12.0 17.225
0.0 12.0 17.296428571428574 0.0 12.0 17.296428571428574
0.0 12.0 17.308333333333334 0.0 12.0 17.308333333333334
0.0 12.0 17.35 0.0 12.0 17.35
0.0 12.0 17.166666666666668 0.0 12.0 17.166666666666668
0.0 12.0 17.5 0.0 12.0 17.5
0.0 12.0 17.555555555555557 0.0 12.0 17.555555555555557
0.0 12.0 17.601010101010104 0.0 12.0 17.601010101010104
0.0 12.0 17.605555555555558 0.0 12.0 17.605555555555558
0.0 12.0 17.5625 0.0 12.0 17.5625
0.0 12.0 17.604166666666668 0.0 12.0 17.604166666666668
0.0 12.0 18.0 0.0 12.0 18.0
0.0 12.0 18.25 0.0 12.0 18.25
0.0 12.0 19.0 0.0 12.0 19.0
0.0 12.0 19.071428571428573 0.0 12.0 19.071428571428573
0.0 12.0 19.11688311688312 0.0 12.0 19.11688311688312
