f 1 2 32
f 2 3 33
f 3 4 34
f 4 5 36
f 5 6 37
f 6 7 38
f 7 8 39
f 8 9 41
f 9 10 42
f 10 11 43
f 11 12 44
f 12 13 46
f 13 14 47
f 14 15 48
f 15 16 49
f 16 17 51
f 17 18 52
f 18 19 53
f 19 20 54
f 20 21 56
f 21 22 57
f 22 23 58
f 23 24 59
f 24 25 61
f 25 26 62
f 26 27 63
f 27 28 64
f 28 29 66
f 29 30 67
f 1 31 32
f 31 32 69
f 2 32 33
f 32 33 71
f 3 33 34
f 33 34 72
f 4 34 35
f 34 35 73
f 4 35 36
f 35 36 74
f 5 36 37
f 36 37 76
f 6 37 38
f 37 38 77
f 7 38 39
f 38 39 78
f 8 39 40
f 39 40 79
f 8 40 41
f 40 41 81
f 9 41 42
f 41 42 82
f 10 42 43
f 42 43 83
f 11 43 44
f 43 44 84
f 12 44 45
f 44 45 86
f 12 45 46
f 45 46 87
f 13 46 47
f 46 47 88
f 14 47 48
f 47 48 89
f 15 48 49
f 48 49 91
f 16 49 50
f 49 50 92
f 16 50 51
f 50 51 93
f 17 51 52
f 51 52 94
f 18 52 53
f 52 53 96
f 19 53 54
f 53 54 97
f 20 54 55
f 54 55 98
f 20 55 56
f 55 56 99
f 21 56 57
f 56 57 101
f 22 57 58
f 57 58 102
f 23 58 59
f 58 59 103
f 24 59 60
f 59 60 104
f 24 60 61
f 60 61 106
f 25 61 62
f 61 62 107
f 26 62 63
f 62 63 108
f 27 63 64
f 63 64 109
f 28 64 65
f 64 65 111
f 28 65 66
f 65 66 112
f 29 66 67
f 66 67 113
f 31 68 69
f 68 69 116
f 32 69 70
f 69 70 117
f 32 70 71
f 70 71 118
f 33 71 72
f 71 72 119
f 34 72 73
f 72 73 121
f 35 73 74
f 73 74 122
f 36 74 75
f 74 75 123
f 36 75 76
f 75 76 124
f 37 76 77
f 76 77 126
f 38 77 78
f 77 78 127
f 39 78 79
f 78 79 128
f 40 79 80
f 79 80 129
f 40 80 81
f 80 81 131
f 41 81 82
f 81 82 132
f 42 82 83
f 82 83 133
f 43 83 84
f 83 84 134
f 44 84 85
f 84 85 136
f 44 85 86
f 85 86 137
f 45 86 87
f 86 87 138
f 46 87 88
f 87 88 139
f 47 88 89
f 88 89 141
f 48 89 90
f 89 90 142
f 48 90 91
f 90 91 143
f 49 91 92
f 91 92 144
f 50 92 93
f 92 93 146
f 51 93 94
f 93 94 147
f 52 94 95
f 94 95 148
f 52 95 96
f 95 96 149
f 53 96 97
f 96 97 151
f 54 97 98
f 97 98 152
f 55 98 99
f 98 99 153
f 56 99 100
f 99 100 154
f 56 100 101
f 100 101 156
f 57 101 102
f 101 102 157
f 58 102 103
f 102 103 158
f 59 103 104
f 103 104 159
f 60 104 105
f 104 105 161
f 60 105 106
f 105 106 162
f 61 106 107
f 106 107 163
f 62 107 108
f 107 108 164
f 63 108 109
f 108 109 166
f 64 109 110
f 109 110 167
f 64 110 111
f 110 111 168
f 65 111 112
f 111 112 169
f 66 112 113
f 112 113 171
f 68 114 115
f 114 115 173
f 68 115 116
f 115 116 174
f 69 116 117
f 116 117 176
f 70 117 118
f 117 118 177
f 71 118 119
f 118 119 178
f 72 119 120
f 119 120 179
f 72 120 121
f 120 121 181
f 73 121 122
f 121 122 182
f 74 122 123
f 122 123 183
f 75 123 124
f 123 124 184
f 76 124 125
f 124 125 186
f 76 125 126
f 125 126 187
f 77 126 127
f 126 127 188
f 78 127 128
f 127 128 189
f 79 128 129
f 128 129 191
f 80 129 130
f 129 130 192
f 80 130 131
f 130 131 193
f 81 131 132
f 131 132 194
f 82 132 133
f 132 133 196
f 83 133 134
f 133 134 197
f 84 134 135
f 134 135 198
f 84 135 136
f 135 136 199
f 85 136 137
f 136 137 201
f 86 137 138
f 137 138 202
f 87 138 139
f 138 139 203
f 88 139 140
f 139 140 204
f 88 140 141
f 140 141 206
f 89 141 142
f 141 142 207
f 90 142 143
f 142 143 208
f 91 143 144
f 143 144 209
f 92 144 145
f 144 145 211
f 92 145 146
f 145 146 212
f 93 146 147
f 146 147 213
f 94 147 148
f 147 148 214
f 95 148 149
f 148 149 216
f 96 149 150
f 149 150 217
f 96 150 151
f 150 151 218
f 97 151 152
f 151 152 219
f 98 152 153
f 152 153 221
f 99 153 154
f 153 154 222
f 100 154 155
f 154 155 223
f 100 155 156
f 155 156 224
f 101 156 157
f 156 157 226
f 102 157 158
f 157 158 227
f 103 158 159
f 158 159 228
f 104 159 160
f 159 160 229
f 104 160 161
f 160 161 231
f 105 161 162
f 161 162 232
f 106 162 163
f 162 163 233
f 107 163 164
f 163 164 234
f 108 164 165
f 164 165 236
f 108 165 166
f 165 166 237
f 109 166 167
f 166 167 238
f 110 167 168
f 167 168 239
f 111 168 169
f 168 169 241
f 112 169 170
f 169 170 242
f 112 170 171
f 170 171 243
f 114 172 173
f 172 173 246
f 115 173 174
f 173 174 247
f 116 174 175
f 174 175 248
f 116 175 176
f 175 176 249
f 117 176 177
f 176 177 251
f 118 177 178
f 177 178 252
f 119 178 179
f 178 179 253
f 120 179 180
f 179 180 254
f 120 180 181
f 180 181 256
f 121 181 182
f 181 182 257
f 122 182 183
f 182 183 258
f 123 183 184
f 183 184 259
f 124 184 185
f 184 185 261
f 124 185 186
f 185 186 262
f 125 186 187
f 186 187 263
f 126 187 188
f 187 188 264
f 127 188 189
f 188 189 266
f 128 189 190
f 189 190 267
f 128 190 191
f 190 191 268
f 129 191 192
f 191 192 269
f 130 192 193
f 192 193 271
f 131 193 194
f 193 194 272
f 132 194 195
f 194 195 273
f 132 195 196
f 195 196 274
f 133 196 197
f 196 197 276
f 134 197 198
f 197 198 277
f 135 198 199
f 198 199 278
f 136 199 200
f 199 200 279
f 136 200 201
f 200 201 281
f 137 201 202
f 201 202 282
f 138 202 203
f 202 203 283
f 139 203 204
f 203 204 284
f 140 204 205
f 204 205 286
f 140 205 206
f 205 206 287
f 141 206 207
f 206 207 288
f 142 207 208
f 207 208 289
f 143 208 209
f 208 209 291
f 144 209 210
f 209 210 292
f 144 210 211
f 210 211 293
f 145 211 212
f 211 212 294
f 146 212 213
f 212 213 296
f 147 213 214
f 213 214 297
f 148 214 215
f 214 215 298
f 148 215 216
f 215 216 299
f 149 216 217
f 216 217 301
f 150 217 218
f 217 218 302
f 151 218 219
f 218 219 303
f 152 219 220
f 219 220 304
f 152 220 221
f 220 221 306
f 153 221 222
f 221 222 307
f 154 222 223
f 222 223 308
f 155 223 224
f 223 224 309
f 156 224 225
f 224 225 311
f 156 225 226
f 225 226 312
f 157 226 227
f 226 227 313
f 158 227 228
f 227 228 314
f 159 228 229
f 228 229 316
f 160 229 230
f 229 230 317
f 160 230 231
f 230 231 318
f 161 231 232
f 231 232 319
f 162 232 233
f 232 233 321
f 163 233 234
f 233 234 322
f 164 234 235
f 234 235 323
f 164 235 236
f 235 236 324
f 165 236 237
f 236 237 326
f 166 237 238
f 237 238 327
f 167 238 239
f 238 239 328
f 168 239 240
f 239 240 329
f 168 240 241
f 240 241 331
f 169 241 242
f 241 242 332
f 170 242 243
f 242 243 333
f 172 244 245
f 244 245 336
f 172 245 246
f 245 246 337
f 173 246 247
f 246 247 338
f 174 247 248
f 247 248 339
f 175 248 249
f 248 249 341
f 176 249 250
f 249 250 342
f 176 250 251
f 250 251 343
f 177 251 252
f 251 252 344
f 178 252 253
f 252 253 346
f 179 253 254
f 253 254 347
f 180 254 255
f 254 255 348
f 180 255 256
f 255 256 349
f 181 256 257
f 256 257 351
f 182 257 258
f 257 258 352
f 183 258 259
f 258 259 353
f 184 259 260
f 259 260 354
f 184 260 261
f 260 261 356
f 185 261 262
f 261 262 357
f 186 262 263
f 262 263 358
f 187 263 264
f 263 264 359
f 188 264 265
f 264 265 361
f 188 265 266
f 265 266 362
f 189 266 267
f 266 267 363
f 190 267 268
f 267 268 364
f 191 268 269
f 268 269 366
f 192 269 270
f 269 270 367
f 192 270 271
f 270 271 368
f 193 271 272
f 271 272 369
f 194 272 273
f 272 273 371
f 195 273 274
f 273 274 372
f 196 274 275
f 274 275 373
f 196 275 276
f 275 276 374
f 197 276 277
f 276 277 376
f 198 277 278
f 277 278 377
f 199 278 279
f 278 279 378
f 200 279 280
f 279 280 379
f 200 280 281
f 280 281 381
f 201 281 282
f 281 282 382
f 202 282 283
f 282 283 383
f 203 283 284
f 283 284 384
f 204 284 285
f 284 285 386
f 204 285 286
f 285 286 387
f 205 286 287
f 286 287 388
f 206 287 288
f 287 288 389
f 207 288 289
f 288 289 391
f 208 289 290
f 289 290 392
f 208 290 291
f 290 291 393
f 209 291 292
f 291 292 394
f 210 292 293
f 292 293 396
f 211 293 294
f 293 294 397
f 212 294 295
f 294 295 398
f 212 295 296
f 295 296 399
f 213 296 297
f 296 297 401
f 214 297 298
f 297 298 402
f 215 298 299
f 298 299 403
f 216 299 300
f 299 300 404
f 216 300 301
f 300 301 406
f 217 301 302
f 301 302 407
f 218 302 303
f 302 303 408
f 219 303 304
f 303 304 409
f 220 304 305
f 304 305 411
f 220 305 306
f 305 306 412
f 221 306 307
f 306 307 413
f 222 307 308
f 307 308 414
f 223 308 309
f 308 309 416
f 224 309 310
f 309 310 417
f 224 310 311
f 310 311 418
f 225 311 312
f 311 312 419
f 226 312 313
f 312 313 421
f 227 313 314
f 313 314 422
f 228 314 315
f 314 315 423
f 228 315 316
f 315 316 424
f 229 316 317
f 316 317 426
f 230 317 318
f 317 318 427
f 231 318 319
f 318 319 428
f 232 319 320
f 319 320 429
f 232 320 321
f 320 321 431
f 233 321 322
f 321 322 432
f 234 322 323
f 322 323 433
f 235 323 324
f 323 324 434
f 236 324 325
f 324 325 436
f 236 325 326
f 325 326 437
f 237 326 327
f 326 327 438
f 238 327 328
f 327 328 439
f 239 328 329
f 328 329 441
f 240 329 330
f 329 330 442
f 240 330 331
f 330 331 443
f 241 331 332
f 331 332 444
f 242 332 333
f 332 333 446
f 244 334 335
f 334 335 448
f 244 335 336
f 335 336 449
f 245 336 337
f 336 337 451
f 246 337 338
f 337 338 452
f 247 338 339
f 338 339 453
f 248 339 340
f 339 340 454
f 248 340 341
f 340 341 456
f 249 341 342
f 341 342 457
f 250 342 343
f 342 343 458
f 251 343 344
f 343 344 459
f 252 344 345
f 344 345 461
f 252 345 346
f 345 346 462
f 253 346 347
f 346 347 463
f 254 347 348
f 347 348 464
f 255 348 349
f 348 349 466
f 256 349 350
f 349 350 467
f 256 350 351
f 350 351 468
f 257 351 352
f 351 352 469
f 258 352 353
f 352 353 471
f 259 353 354
f 353 354 472
f 260 354 355
f 354 355 473
f 260 355 356
f 355 356 474
f 261 356 357
f 356 357 476
f 262 357 358
f 357 358 477
f 263 358 359
f 358 359 478
f 264 359 360
f 359 360 479
f 264 360 361
f 360 361 481
f 265 361 362
f 361 362 482
f 266 362 363
f 362 363 483
f 267 363 364
f 363 364 484
f 268 364 365
f 364 365 486
f 268 365 366
f 365 366 487
f 269 366 367
f 366 367 488
f 270 367 368
f 367 368 489
f 271 368 369
f 368 369 491
f 272 369 370
f 369 370 492
f 272 370 371
f 370 371 493
f 273 371 372
f 371 372 494
f 274 372 373
f 372 373 496
f 275 373 374
f 373 374 497
f 276 374 375
f 374 375 498
f 276 375 376
f 375 376 499
f 277 376 377
f 376 377 501
f 278 377 378
f 377 378 502
f 279 378 379
f 378 379 503
f 280 379 380
f 379 380 504
f 280 380 381
f 380 381 506
f 281 381 382
f 381 382 507
f 282 382 383
f 382 383 508
f 283 383 384
f 383 384 509
f 284 384 385
f 384 385 511
f 284 385 386
f 385 386 512
f 285 386 387
f 386 387 513
f 286 387 388
f 387 388 514
f 287 388 389
f 388 389 516
f 288 389 390
f 389 390 517
f 288 390 391
f 390 391 518
f 289 391 392
f 391 392 519
f 290 392 393
f 392 393 521
f 291 393 394
f 393 394 522
f 292 394 395
f 394 395 523
f 292 395 396
f 395 396 524
f 293 396 397
f 396 397 526
f 294 397 398
f 397 398 527
f 295 398 399
f 398 399 528
f 296 399 400
f 399 400 529
f 296 400 401
f 400 401 531
f 297 401 402
f 401 402 532
f 298 402 403
f 402 403 533
f 299 403 404
f 403 404 534
f 300 404 405
f 404 405 536
f 300 405 406
f 405 406 537
f 301 406 407
f 406 407 538
f 302 407 408
f 407 408 539
f 303 408 409
f 408 409 541
f 304 409 410
f 409 410 542
f 304 410 411
f 410 411 543
f 305 411 412
f 411 412 544
f 306 412 413
f 412 413 546
f 307 413 414
f 413 414 547
f 308 414 415
f 414 415 548
f 308 415 416
f 415 416 549
f 309 416 417
f 416 417 551
f 310 417 418
f 417 418 552
f 311 418 419
f 418 419 553
f 312 419 420
f 419 420 554
f 312 420 421
f 420 421 556
f 313 421 422
f 421 422 557
f 314 422 423
f 422 423 558
f 315 423 424
f 423 424 559
f 316 424 425
f 424 425 561
f 316 425 426
f 425 426 562
f 317 426 427
f 426 427 563
f 318 427 428
f 427 428 564
f 319 428 429
f 428 429 566
f 320 429 430
f 429 430 567
f 320 430 431
f 430 431 568
f 321 431 432
f 431 432 569
f 322 432 433
f 432 433 571
f 323 433 434
f 433 434 572
f 324 434 435
f 434 435 573
f 324 435 436
f 435 436 574
f 325 436 437
f 436 437 576
f 326 437 438
f 437 438 577
f 327 438 439
f 438 439 578
f 328 439 440
f 439 440 579
f 328 440 441
f 440 441 581
f 329 441 442
f 441 442 582
f 330 442 443
f 442 443 583
f 331 443 444
f 443 444 584
f 332 444 445
f 444 445 586
f 332 445 446
f 445 446 587
f 334 447 448
f 447 448 589
f 335 448 449
f 448 449 591
f 336 449 450
f 449 450 592
f 336 450 451
f 450 451 593
f 337 451 452
f 451 452 594
f 338 452 453
f 452 453 596
f 339 453 454
f 453 454 597
f 340 454 455
f 454 455 598
f 340 455 456
f 455 456 599
f 341 456 457
f 456 457 601
f 342 457 458
f 457 458 602
f 343 458 459
f 458 459 603
f 344 459 460
f 459 460 604
f 344 460 461
f 460 461 606
f 345 461 462
f 461 462 607
f 346 462 463
f 462 463 608
f 347 463 464
f 463 464 609
f 348 464 465
f 464 465 611
f 348 465 466
f 465 466 612
f 349 466 467
f 466 467 613
f 350 467 468
f 467 468 614
f 351 468 469
f 468 469 616
f 352 469 470
f 469 470 617
f 352 470 471
f 470 471 618
f 353 471 472
f 471 472 619
f 354 472 473
f 472 473 621
f 355 473 474
f 473 474 622
f 356 474 475
f 474 475 623
f 356 475 476
f 475 476 624
f 357 476 477
f 476 477 626
f 358 477 478
f 477 478 627
f 359 478 479
f 478 479 628
f 360 479 480
f 479 480 629
f 360 480 481
f 480 481 631
f 361 481 482
f 481 482 632
f 362 482 483
f 482 483 633
f 363 483 484
f 483 484 634
f 364 484 485
f 484 485 636
f 364 485 486
f 485 486 637
f 365 486 487
f 486 487 638
f 366 487 488
f 487 488 639
f 367 488 489
f 488 489 641
f 368 489 490
f 489 490 642
f 368 490 491
f 490 491 643
f 369 491 492
f 491 492 644
f 370 492 493
f 492 493 646
f 371 493 494
f 493 494 647
f 372 494 495
f 494 495 648
f 372 495 496
f 495 496 649
f 373 496 497
f 496 497 651
f 374 497 498
f 497 498 652
f 375 498 499
f 498 499 653
f 376 499 500
f 499 500 654
f 376 500 501
f 500 501 656
f 377 501 502
f 501 502 657
f 378 502 503
f 502 503 658
f 379 503 504
f 503 504 659
f 380 504 505
f 504 505 661
f 380 505 506
f 505 506 662
f 381 506 507
f 506 507 663
f 382 507 508
f 507 508 664
f 383 508 509
f 508 509 666
f 384 509 510
f 509 510 667
f 384 510 511
f 510 511 668
f 385 511 512
f 511 512 669
f 386 512 513
f 512 513 671
f 387 513 514
f 513 514 672
f 388 514 515
f 514 515 673
f 388 515 516
f 515 516 674
f 389 516 517
f 516 517 676
f 390 517 518
f 517 518 677
f 391 518 519
f 518 519 678
f 392 519 520
f 519 520 679
f 392 520 521
f 520 521 681
f 393 521 522
f 521 522 682
f 394 522 523
f 522 523 683
f 395 523 524
f 523 524 684
f 396 524 525
f 524 525 686
f 396 525 526
f 525 526 687
f 397 526 527
f 526 527 688
f 398 527 528
f 527 528 689
f 399 528 529
f 528 529 691
f 400 529 530
f 529 530 692
f 400 530 531
f 530 531 693
f 401 531 532
f 531 532 694
f 402 532 533
f 532 533 696
f 403 533 534
f 533 534 697
f 404 534 535
f 534 535 698
f 404 535 536
f 535 536 699
f 405 536 537
f 536 537 701
f 406 537 538
f 537 538 702
f 407 538 539
f 538 539 703
f 408 539 540
f 539 540 704
f 408 540 541
f 540 541 706
f 409 541 542
f 541 542 707
f 410 542 543
f 542 543 708
f 411 543 544
f 543 544 709
f 412 544 545
f 544 545 711
f 412 545 546
f 545 546 712
f 413 546 547
f 546 547 713
f 414 547 548
f 547 548 714
f 415 548 549
f 548 549 716
f 416 549 550
f 549 550 717
f 416 550 551
f 550 551 718
f 417 551 552
f 551 552 719
f 418 552 553
f 552 553 721
f 419 553 554
f 553 554 722
f 420 554 555
f 554 555 723
f 420 555 556
f 555 556 724
f 421 556 557
f 556 557 726
f 422 557 558
f 557 558 727
f 423 558 559
f 558 559 728
f 424 559 560
f 559 560 729
f 424 560 561
f 560 561 731
f 425 561 562
f 561 562 732
f 426 562 563
f 562 563 733
f 427 563 564
f 563 564 734
f 428 564 565
f 564 565 736
f 428 565 566
f 565 566 737
f 429 566 567
f 566 567 738
f 430 567 568
f 567 568 739
f 431 568 569
f 568 569 741
f 432 569 570
f 569 570 742
f 432 570 571
f 570 571 743
f 433 571 572
f 571 572 744
f 434 572 573
f 572 573 746
f 435 573 574
f 573 574 747
f 436 574 575
f 574 575 748
f 436 575 576
f 575 576 749
f 437 576 577
f 576 577 751
f 438 577 578
f 577 578 752
f 439 578 579
f 578 579 753
f 440 579 580
f 579 580 754
f 440 580 581
f 580 581 756
f 441 581 582
f 581 582 757
f 442 582 583
f 582 583 758
f 443 583 584
f 583 584 759
f 444 584 585
f 584 585 761
f 444 585 586
f 585 586 762
f 445 586 587
f 586 587 763
f 447 588 589
f 588 589 766
f 448 589 590
f 589 590 767
f 448 590 591
f 590 591 768
f 449 591 592
f 591 592 769
f 450 592 593
f 592 593 771
f 451 593 594
f 593 594 772
f 452 594 595
f 594 595 773
f 452 595 596
f 595 596 774
f 453 596 597
f 596 597 776
f 454 597 598
f 597 598 777
f 455 598 599
f 598 599 778
f 456 599 600
f 599 600 779
f 456 600 601
f 600 601 781
f 457 601 602
f 601 602 782
f 458 602 603
f 602 603 783
f 459 603 604
f 603 604 784
f 460 604 605
f 604 605 786
f 460 605 606
f 605 606 787
f 461 606 607
f 606 607 788
f 462 607 608
f 607 608 789
f 463 608 609
f 608 609 791
f 464 609 610
f 609 610 792
f 464 610 611
f 610 611 793
f 465 611 612
f 611 612 794
f 466 612 613
f 612 613 796
f 467 613 614
f 613 614 797
f 468 614 615
f 614 615 798
f 468 615 616
f 615 616 799
f 469 616 617
f 616 617 801
f 470 617 618
f 617 618 802
f 471 618 619
f 618 619 803
f 472 619 620
f 619 620 804
f 472 620 621
f 620 621 806
f 473 621 622
f 621 622 807
f 474 622 623
f 622 623 808
f 475 623 624
f 623 624 809
f 476 624 625
f 624 625 811
f 476 625 626
f 625 626 812
f 477 626 627
f 626 627 813
f 478 627 628
f 627 628 814
f 479 628 629
f 628 629 816
f 480 629 630
f 629 630 817
f 480 630 631
f 630 631 818
f 481 631 632
f 631 632 819
f 482 632 633
f 632 633 821
f 483 633 634
f 633 634 822
f 484 634 635
f 634 635 823
f 484 635 636
f 635 636 824
f 485 636 637
f 636 637 826
f 486 637 638
f 637 638 827
f 487 638 639
f 638 639 828
f 488 639 640
f 639 640 829
f 488 640 641
f 640 641 831
f 489 641 642
f 641 642 832
f 490 642 643
f 642 643 833
f 491 643 644
f 643 644 834
f 492 644 645
f 644 645 836
f 492 645 646
f 645 646 837
f 493 646 647
f 646 647 838
f 494 647 648
f 647 648 839
f 495 648 649
f 648 649 841
f 496 649 650
f 649 650 842
f 496 650 651
f 650 651 843
f 497 651 652
f 651 652 844
f 498 652 653
f 652 653 846
f 499 653 654
f 653 654 847
f 500 654 655
f 654 655 848
f 500 655 656
f 655 656 849
f 501 656 657
f 656 657 851
f 502 657 658
f 657 658 852
f 503 658 659
f 658 659 853
f 504 659 660
f 659 660 854
f 504 660 661
f 660 661 856
f 505 661 662
f 661 662 857
f 506 662 663
f 662 663 858
f 507 663 664
f 663 664 859
f 508 664 665
f 664 665 861
f 508 665 666
f 665 666 862
f 509 666 667
f 666 667 863
f 510 667 668
f 667 668 864
f 511 668 669
f 668 669 866
f 512 669 670
f 669 670 867
f 512 670 671
f 670 671 868
f 513 671 672
f 671 672 869
f 514 672 673
f 672 673 871
f 515 673 674
f 673 674 872
f 516 674 675
f 674 675 873
f 516 675 676
f 675 676 874
f 517 676 677
f 676 677 876
f 518 677 678
f 677 678 877
f 519 678 679
f 678 679 878
f 520 679 680
f 679 680 879
f 520 680 681
f 680 681 881
f 521 681 682
f 681 682 882
f 522 682 683
f 682 683 883
f 523 683 684
f 683 684 884
f 524 684 685
f 684 685 886
f 524 685 686
f 685 686 887
f 525 686 687
f 686 687 888
f 526 687 688
f 687 688 889
f 527 688 689
f 688 689 891
f 528 689 690
f 689 690 892
f 528 690 691
f 690 691 893
f 529 691 692
f 691 692 894
f 530 692 693
f 692 693 896
f 531 693 694
f 693 694 897
f 532 694 695
f 694 695 898
f 532 695 696
f 695 696 899
f 533 696 697
f 696 697 901
f 534 697 698
f 697 698 902
f 535 698 699
f 698 699 903
f 536 699 700
f 699 700 904
f 536 700 701
f 700 701 906
f 537 701 702
f 701 702 907
f 538 702 703
f 702 703 908
f 539 703 704
f 703 704 909
f 540 704 705
f 704 705 911
f 540 705 706
f 705 706 912
f 541 706 707
f 706 707 913
f 542 707 708
f 707 708 914
f 543 708 709
f 708 709 916
f 544 709 710
f 709 710 917
f 544 710 711
f 710 711 918
f 545 711 712
f 711 712 919
f 546 712 713
f 712 713 921
f 547 713 714
f 713 714 922
f 548 714 715
f 714 715 923
f 548 715 716
f 715 716 924
f 549 716 717
f 716 717 926
f 550 717 718
f 717 718 927
f 551 718 719
f 718 719 928
f 552 719 720
f 719 720 929
f 552 720 721
f 720 721 931
f 553 721 722
f 721 722 932
f 554 722 723
f 722 723 933
f 555 723 724
f 723 724 934
f 556 724 725
f 724 725 936
f 556 725 726
f 725 726 937
f 557 726 727
f 726 727 938
f 558 727 728
f 727 728 939
f 559 728 729
f 728 729 941
f 560 729 730
f 729 730 942
f 560 730 731
f 730 731 943
f 561 731 732
f 731 732 944
f 562 732 733
f 732 733 946
f 563 733 734
f 733 734 947
f 564 734 735
f 734 735 948
f 564 735 736
f 735 736 949
f 565 736 737
f 736 737 951
f 566 737 738
f 737 738 952
f 567 738 739
f 738 739 953
f 568 739 740
f 739 740 954
f 568 740 741
f 740 741 956
f 569 741 742
f 741 742 957
f 570 742 743
f 742 743 958
f 571 743 744
f 743 744 959
f 572 744 745
f 744 745 961
f 572 745 746
f 745 746 962
f 573 746 747
f 746 747 963
f 574 747 748
f 747 748 964
f 575 748 749
f 748 749 966
f 576 749 750
f 749 750 967
f 576 750 751
f 750 751 968
f 577 751 752
f 751 752 969
f 578 752 753
f 752 753 971
f 579 753 754
f 753 754 972
f 580 754 755
f 754 755 973
f 580 755 756
f 755 756 974
f 581 756 757
f 756 757 976
f 582 757 758
f 757 758 977
f 583 758 759
f 758 759 978
f 584 759 760
f 759 760 979
f 584 760 761
f 760 761 981
f 585 761 762
f 761 762 982
f 586 762 763
f 762 763 983
f 588 764 765
f 764 765 986
f 588 765 766
f 765 766 987
f 589 766 767
f 766 767 988
f 590 767 768
f 767 768 989
f 591 768 769
f 768 769 991
f 592 769 770
f 769 770 992
f 592 770 771
f 770 771 993
f 593 771 772
f 771 772 994
f 594 772 773
f 772 773 996
f 595 773 774
f 773 774 997
f 596 774 775
f 774 775 998
f 596 775 776
f 775 776 999
f 597 776 777
f 776 777 1001
f 598 777 778
f 777 778 1002
f 599 778 779
f 778 779 1003
f 600 779 780
f 779 780 1004
f 600 780 781
f 780 781 1006
f 601 781 782
f 781 782 1007
f 602 782 783
f 782 783 1008
f 603 783 784
f 783 784 1009
f 604 784 785
f 784 785 1011
f 604 785 786
f 785 786 1012
f 605 786 787
f 786 787 1013
f 606 787 788
f 787 788 1014
f 607 788 789
f 788 789 1016
f 608 789 790
f 789 790 1017
f 608 790 791
f 790 791 1018
f 609 791 792
f 791 792 1019
f 610 792 793
f 792 793 1021
f 611 793 794
f 793 794 1022
f 612 794 795
f 794 795 1023
f 612 795 796
f 795 796 1024
f 613 796 797
f 796 797 1026
f 614 797 798
f 797 798 1027
f 615 798 799
f 798 799 1028
f 616 799 800
f 799 800 1029
f 616 800 801
f 800 801 1031
f 617 801 802
f 801 802 1032
f 618 802 803
f 802 803 1033
f 619 803 804
f 803 804 1034
f 620 804 805
f 804 805 1036
f 620 805 806
f 805 806 1037
f 621 806 807
f 806 807 1038
f 622 807 808
f 807 808 1039
f 623 808 809
f 808 809 1041
f 624 809 810
f 809 810 1042
f 624 810 811
f 810 811 1043
f 625 811 812
f 811 812 1044
f 626 812 813
f 812 813 1046
f 627 813 814
f 813 814 1047
f 628 814 815
f 814 815 1048
f 628 815 816
f 815 816 1049
f 629 816 817
f 816 817 1051
f 630 817 818
f 817 818 1052
f 631 818 819
f 818 819 1053
f 632 819 820
f 819 820 1054
f 632 820 821
f 820 821 1056
f 633 821 822
f 821 822 1057
f 634 822 823
f 822 823 1058
f 635 823 824
f 823 824 1059
f 636 824 825
f 824 825 1061
f 636 825 826
f 825 826 1062
f 637 826 827
f 826 827 1063
f 638 827 828
f 827 828 1064
f 639 828 829
f 828 829 1066
f 640 829 830
f 829 830 1067
f 640 830 831
f 830 831 1068
f 641 831 832
f 831 832 1069
f 642 832 833
f 832 833 1071
f 643 833 834
f 833 834 1072
f 644 834 835
f 834 835 1073
f 644 835 836
f 835 836 1074
f 645 836 837
f 836 837 1076
f 646 837 838
f 837 838 1077
f 647 838 839
f 838 839 1078
f 648 839 840
f 839 840 1079
f 648 840 841
f 840 841 1081
f 649 841 842
f 841 842 1082
f 650 842 843
f 842 843 1083
f 651 843 844
f 843 844 1084
f 652 844 845
f 844 845 1086
f 652 845 846
f 845 846 1087
f 653 846 847
f 846 847 1088
f 654 847 848
f 847 848 1089
f 655 848 849
f 848 849 1091
f 656 849 850
f 849 850 1092
f 656 850 851
f 850 851 1093
f 657 851 852
f 851 852 1094
f 658 852 853
f 852 853 1096
f 659 853 854
f 853 854 1097
f 660 854 855
f 854 855 1098
f 660 855 856
f 855 856 1099
f 661 856 857
f 856 857 1101
f 662 857 858
f 857 858 1102
f 663 858 859
f 858 859 1103
f 664 859 860
f 859 860 1104
f 664 860 861
f 860 861 1106
f 665 861 862
f 861 862 1107
f 666 862 863
f 862 863 1108
f 667 863 864
f 863 864 1109
f 668 864 865
f 864 865 1111
f 668 865 866
f 865 866 1112
f 669 866 867
f 866 867 1113
f 670 867 868
f 867 868 1114
f 671 868 869
f 868 869 1116
f 672 869 870
f 869 870 1117
f 672 870 871
f 870 871 1118
f 673 871 872
f 871 872 1119
f 674 872 873
f 872 873 1121
f 675 873 874
f 873 874 1122
f 676 874 875
f 874 875 1123
f 676 875 876
f 875 876 1124
f 677 876 877
f 876 877 1126
f 678 877 878
f 877 878 1127
f 679 878 879
f 878 879 1128
f 680 879 880
f 879 880 1129
f 680 880 881
f 880 881 1131
f 681 881 882
f 881 882 1132
f 682 882 883
f 882 883 1133
f 683 883 884
f 883 884 1134
f 684 884 885
f 884 885 1136
f 684 885 886
f 885 886 1137
f 685 886 887
f 886 887 1138
f 686 887 888
f 887 888 1139
f 687 888 889
f 888 889 1141
f 688 889 890
f 889 890 1142
f 688 890 891
f 890 891 1143
f 689 891 892
f 891 892 1144
f 690 892 893
f 892 893 1146
f 691 893 894
f 893 894 1147
f 692 894 895
f 894 895 1148
f 692 895 896
f 895 896 1149
f 693 896 897
f 896 897 1151
f 694 897 898
f 897 898 1152
f 695 898 899
f 898 899 1153
f 696 899 900
f 899 900 1154
f 696 900 901
f 900 901 1156
f 697 901 902
f 901 902 1157
f 698 902 903
f 902 903 1158
f 699 903 904
f 903 904 1159
f 700 904 905
f 904 905 1161
f 700 905 906
f 905 906 1162
f 701 906 907
f 906 907 1163
f 702 907 908
f 907 908 1164
f 703 908 909
f 908 909 1166
f 704 909 910
f 909 910 1167
f 704 910 911
f 910 911 1168
f 705 911 912
f 911 912 1169
f 706 912 913
f 912 913 1171
f 707 913 914
f 913 914 1172
f 708 914 915
f 914 915 1173
f 708 915 916
f 915 916 1174
f 709 916 917
f 916 917 1176
f 710 917 918
f 917 918 1177
f 711 918 919
f 918 919 1178
f 712 919 920
f 919 920 1179
f 712 920 921
f 920 921 1181
f 713 921 922
f 921 922 1182
f 714 922 923
f 922 923 1183
f 715 923 924
f 923 924 1184
f 716 924 925
f 924 925 1186
f 716 925 926
f 925 926 1187
f 717 926 927
f 926 927 1188
f 718 927 928
f 927 928 1189
f 719 928 929
f 928 929 1191
f 720 929 930
f 929 930 1192
f 720 930 931
f 930 931 1193
f 721 931 932
f 931 932 1194
f 722 932 933
f 932 933 1196
f 723 933 934
f 933 934 1197
f 724 934 935
f 934 935 1198
f 724 935 936
f 935 936 1199
f 725 936 937
f 936 937 1201
f 726 937 938
f 937 938 1202
f 727 938 939
f 938 939 1203
f 728 939 940
f 939 940 1204
f 728 940 941
f 940 941 1206
f 729 941 942
f 941 942 1207
f 730 942 943
f 942 943 1208
f 731 943 944
f 943 944 1209
f 732 944 945
f 944 945 1211
f 732 945 946
f 945 946 1212
f 733 946 947
f 946 947 1213
f 734 947 948
f 947 948 1214
f 735 948 949
f 948 949 1216
f 736 949 950
f 949 950 1217
f 736 950 951
f 950 951 1218
f 737 951 952
f 951 952 1219
f 738 952 953
f 952 953 1221
f 739 953 954
f 953 954 1222
f 740 954 955
f 954 955 1223
f 740 955 956
f 955 956 1224
f 741 956 957
f 956 957 1226
f 742 957 958
f 957 958 1227
f 743 958 959
f 958 959 1228
f 744 959 960
f 959 960 1229
f 744 960 961
f 960 961 1231
f 745 961 962
f 961 962 1232
f 746 962 963
f 962 963 1233
f 747 963 964
f 963 964 1234
f 748 964 965
f 964 965 1236
f 748 965 966
f 965 966 1237
f 749 966 967
f 966 967 1238
f 750 967 968
f 967 968 1239
f 751 968 969
f 968 969 1241
f 752 969 970
f 969 970 1242
f 752 970 971
f 970 971 1243
f 753 971 972
f 971 972 1244
f 754 972 973
f 972 973 1246
f 755 973 974
f 973 974 1247
f 756 974 975
f 974 975 1248
f 756 975 976
f 975 976 1249
f 757 976 977
f 976 977 1251
f 758 977 978
f 977 978 1252
f 759 978 979
f 978 979 1253
f 760 979 980
f 979 980 1254
f 760 980 981
f 980 981 1256
f 761 981 982
f 981 982 1257
f 762 982 983
f 982 983 1258
f 764 984 985
f 764 985 986
f 765 986 987
f 766 987 988
f 767 988 989
f 768 989 990
f 768 990 991
f 769 991 992
f 770 992 993
f 771 993 994
f 772 994 995
f 772 995 996
f 773 996 997
f 774 997 998
f 775 998 999
f 776 999 1000
f 776 1000 1001
f 777 1001 1002
f 778 1002 1003
f 779 1003 1004
f 780 1004 1005
f 780 1005 1006
f 781 1006 1007
f 782 1007 1008
f 783 1008 1009
f 784 1009 1010
f 784 1010 1011
f 785 1011 1012
f 786 1012 1013
f 787 1013 1014
f 788 1014 1015
f 788 1015 1016
f 789 1016 1017
f 790 1017 1018
f 791 1018 1019
f 792 1019 1020
f 792 1020 1021
f 793 1021 1022
f 794 1022 1023
f 795 1023 1024
f 796 1024 1025
f 796 1025 1026
f 797 1026 1027
f 798 1027 1028
f 799 1028 1029
f 800 1029 1030
f 800 1030 1031
f 801 1031 1032
f 802 1032 1033
f 803 1033 1034
f 804 1034 1035
f 804 1035 1036
f 805 1036 1037
f 806 1037 1038
f 807 1038 1039
f 808 1039 1040
f 808 1040 1041
f 809 1041 1042
f 810 1042 1043
f 811 1043 1044
f 812 1044 1045
f 812 1045 1046
f 813 1046 1047
f 814 1047 1048
f 815 1048 1049
f 816 1049 1050
f 816 1050 1051
f 817 1051 1052
f 818 1052 1053
f 819 1053 1054
f 820 1054 1055
f 820 1055 1056
f 821 1056 1057
f 822 1057 1058
f 823 1058 1059
f 824 1059 1060
f 824 1060 1061
f 825 1061 1062
f 826 1062 1063
f 827 1063 1064
f 828 1064 1065
f 828 1065 1066
f 829 1066 1067
f 830 1067 1068
f 831 1068 1069
f 832 1069 1070
f 832 1070 1071
f 833 1071 1072
f 834 1072 1073
f 835 1073 1074
f 836 1074 1075
f 836 1075 1076
f 837 1076 1077
f 838 1077 1078
f 839 1078 1079
f 840 1079 1080
f 840 1080 1081
f 841 1081 1082
f 842 1082 1083
f 843 1083 1084
f 844 1084 1085
f 844 1085 1086
f 845 1086 1087
f 846 1087 1088
f 847 1088 1089
f 848 1089 1090
f 848 1090 1091
f 849 1091 1092
f 850 1092 1093
f 851 1093 1094
f 852 1094 1095
f 852 1095 1096
f 853 1096 1097
f 854 1097 1098
f 855 1098 1099
f 856 1099 1100
f 856 1100 1101
f 857 1101 1102
f 858 1102 1103
f 859 1103 1104
f 860 1104 1105
f 860 1105 1106
f 861 1106 1107
f 862 1107 1108
f 863 1108 1109
f 864 1109 1110
f 864 1110 1111
f 865 1111 1112
f 866 1112 1113
f 867 1113 1114
f 868 1114 1115
f 868 1115 1116
f 869 1116 1117
f 870 1117 1118
f 871 1118 1119
f 872 1119 1120
f 872 1120 1121
f 873 1121 1122
f 874 1122 1123
f 875 1123 1124
f 876 1124 1125
f 876 1125 1126
f 877 1126 1127
f 878 1127 1128
f 879 1128 1129
f 880 1129 1130
f 880 1130 1131
f 881 1131 1132
f 882 1132 1133
f 883 1133 1134
f 884 1134 1135
f 884 1135 1136
f 885 1136 1137
f 886 1137 1138
f 887 1138 1139
f 888 1139 1140
f 888 1140 1141
f 889 1141 1142
f 890 1142 1143
f 891 1143 1144
f 892 1144 1145
f 892 1145 1146
f 893 1146 1147
f 894 1147 1148
f 895 1148 1149
f 896 1149 1150
f 896 1150 1151
f 897 1151 1152
f 898 1152 1153
f 899 1153 1154
f 900 1154 1155
f 900 1155 1156
f 901 1156 1157
f 902 1157 1158
f 903 1158 1159
f 904 1159 1160
f 904 1160 1161
f 905 1161 1162
f 906 1162 1163
f 907 1163 1164
f 908 1164 1165
f 908 1165 1166
f 909 1166 1167
f 910 1167 1168
f 911 1168 1169
f 912 1169 1170
f 912 1170 1171
f 913 1171 1172
f 914 1172 1173
f 915 1173 1174
f 916 1174 1175
f 916 1175 1176
f 917 1176 1177
f 918 1177 1178
f 919 1178 1179
f 920 1179 1180
f 920 1180 1181
f 921 1181 1182
f 922 1182 1183
f 923 1183 1184
f 924 1184 1185
f 924 1185 1186
f 925 1186 1187
f 926 1187 1188
f 927 1188 1189
f 928 1189 1190
f 928 1190 1191
f 929 1191 1192
f 930 1192 1193
f 931 1193 1194
f 932 1194 1195
f 932 1195 1196
f 933 1196 1197
f 934 1197 1198
f 935 1198 1199
f 936 1199 1200
f 936 1200 1201
f 937 1201 1202
f 938 1202 1203
f 939 1203 1204
f 940 1204 1205
f 940 1205 1206
f 941 1206 1207
f 942 1207 1208
f 943 1208 1209
f 944 1209 1210
f 944 1210 1211
f 945 1211 1212
f 946 1212 1213
f 947 1213 1214
f 948 1214 1215
f 948 1215 1216
f 949 1216 1217
f 950 1217 1218
f 951 1218 1219
f 952 1219 1220
f 952 1220 1221
f 953 1221 1222
f 954 1222 1223
f 955 1223 1224
f 956 1224 1225
f 956 1225 1226
f 957 1226 1227
f 958 1227 1228
f 959 1228 1229
f 960 1229 1230
f 960 1230 1231
f 961 1231 1232
f 962 1232 1233
f 963 1233 1234
f 964 1234 1235
f 964 1235 1236
f 965 1236 1237
f 966 1237 1238
f 967 1238 1239
f 968 1239 1240
f 968 1240 1241
f 969 1241 1242
f 970 1242 1243
f 971 1243 1244
f 972 1244 1245
f 972 1245 1246
f 973 1246 1247
f 974 1247 1248
f 975 1248 1249
f 976 1249 1250
f 976 1250 1251
f 977 1251 1252
f 978 1252 1253
f 979 1253 1254
f 980 1254 1255
f 980 1255 1256
f 981 1256 1257
f 982 1257 1258
