v 17.949446 10.729518 13.649669 
v 17.601157 10.350212 12.801765 
v 17.236372 9.949765 12.006094 
v 17.165655 9.500533 11.130957 
v 16.785415 8.673240 10.667942 
v 16.361117 7.750016 10.132264 
v 16.287407 6.719846 9.941990 
v 16.173697 5.807909 9.748070 
v 16.045207 4.831759 9.767927 
v 16.284454 3.864833 9.969118 
v 16.603057 2.826991 10.129631 
v 16.971967 1.718339 10.171969 
v 17.220386 0.941544 10.712258 
v 17.396139 0.182726 11.320029 
v 17.544544 -0.453412 12.086723 
v 17.788139 -1.054174 12.833426 
v 18.211919 -1.519452 13.609987 
v 18.613770 -1.893979 14.442432 
v 18.500172 -1.793712 15.405356 
v 18.093722 -1.553465 16.299024 
v 18.041972 11.710130 13.546724 
v 17.707605 11.336433 12.685813 
v 17.234356 10.937461 11.849721 
v 16.659983 10.487642 10.929157 
v 16.289284 9.602210 10.457293 
v 15.962099 8.845347 9.971422 
v 15.729310 8.067121 9.432269 
v 15.508479 7.114100 9.480725 
v 15.468270 6.165773 9.152360 
v 15.453413 5.072704 8.857290 
v 15.774386 3.992191 9.093992 
v 16.112408 3.036971 9.216525 
v 16.567679 2.170665 9.264435 
v 17.110383 1.369643 9.259041 
v 17.167913 0.563099 9.805766 
v 17.693831 -0.220177 10.421769 
v 17.845381 -0.890030 11.281618 
v 18.038028 -1.520094 12.022220 
v 18.318181 -2.081312 12.737629 
v 18.834231 -2.449704 13.486684 
v 19.221086 -2.685388 14.381816 
v 18.894364 -2.774503 15.407223 
v 18.478654 -2.468821 16.266960 
v 18.184957 12.668999 13.462119 
v 17.946573 12.324896 12.569998 
v 17.497014 11.922235 11.760019 
v 16.985886 11.502208 10.967415 
v 16.295522 11.130099 10.304547 
v 15.705881 10.334322 10.220074 
v 15.285500 9.565609 9.803268 
v 14.991948 8.690134 9.400022 
v 14.780217 7.748260 9.170549 
v 14.740206 6.768338 8.825500 
v 14.833169 5.809824 8.212008 
v 14.946954 4.883965 7.998375 
v 15.214176 3.991339 8.285898 
v 15.521772 3.061646 8.417666 
v 15.952988 2.161147 8.484530 
v 16.442789 1.281403 8.534159 
v 17.009799 0.275403 8.702886 
v 17.668444 -0.204632 9.263585 
v 18.407515 -0.569542 9.811582 
v 18.342135 -1.260745 10.529014 
v 18.442010 -1.951960 11.250296 
v 18.609639 -2.629317 11.986447 
v 18.824880 -3.265037 12.782766 
v 19.141000 -3.465134 13.793754 
v 19.283484 -3.586369 14.755058 
v 19.307678 -3.647279 15.714709 
v 18.653151 -3.425130 16.427549 
v 18.449989 13.632959 13.485356 
v 18.263489 13.319092 12.391166 
v 17.703938 12.904364 11.611724 
v 17.206345 12.550410 10.848966 
v 16.576703 12.191827 10.255794 
v 15.950029 11.821236 9.616296 
v 15.310707 11.054021 9.667775 
v 14.565983 10.226446 9.580331 
v 14.287923 9.334680 9.203583 
v 14.083471 8.397261 8.837008 
v 13.961782 7.488487 8.467080 
v 14.208152 6.699181 7.898768 
v 14.483173 5.964016 7.281271 
v 14.489855 4.986947 7.160778 
v 14.633926 3.990107 7.510682 
v 14.853851 3.051774 7.676857 
v 15.252412 2.148250 7.779086 
v 15.683418 1.254477 7.889199 
v 16.208755 0.376421 8.039542 
v 16.888844 -0.345004 7.998321 
v 17.745103 -0.609207 8.306842 
v 18.433374 -0.984126 8.914962 
v 18.751213 -1.556388 9.672430 
v 18.890556 -2.225648 10.403455 
v 19.006954 -2.959605 11.130263 
v 19.105901 -3.837548 11.781217 
v 18.542238 -4.168659 12.497484 
v 18.712471 -4.278410 13.455562 
v 18.969680 -4.441672 14.393990 
v 19.071189 -4.539899 15.382355 
v 18.827513 -4.473028 16.349963 
v 19.074671 14.431005 13.644691 
v 19.008602 14.088189 12.702367 
v 18.848979 13.842497 11.768487 
v 18.005005 13.805536 11.309312 
v 17.378937 13.509360 10.624097 
v 16.646301 13.158841 10.040675 
v 15.625994 12.765986 9.653496 
v 14.964213 12.015064 9.407829 
v 14.329343 11.286996 9.360566 
v 13.674611 10.653778 9.734417 
v 13.446751 9.844839 9.209227 
v 13.298523 8.998695 8.688228 
v 13.125709 8.072746 8.056130 
v 13.539596 7.256987 7.432380 
v 13.854439 6.553828 6.838607 
v 14.054401 5.748074 6.403550 
v 14.196266 4.814497 6.194609 
v 14.068050 3.970827 6.708862 
v 14.055227 2.957741 7.066126 
v 14.564732 2.084391 7.100259 
v 14.960081 1.194648 7.194302 
v 15.445766 0.335704 7.307945 
v 15.971736 -0.486426 7.422863 
v 16.691985 -1.176537 7.467590 
v 17.732485 -1.219394 7.493873 
v 18.566695 -1.391461 7.999604 
v 19.011193 -1.873353 8.767414 
v 19.315344 -2.471154 9.532087 
v 19.529975 -3.113367 10.283829 
v 19.682779 -3.836520 10.962157 
v 19.589446 -4.721996 11.404780 
v 18.931147 -4.972987 12.106333 
v 18.604260 -5.155930 13.018858 
v 18.644833 -5.285079 14.000468 
v 18.769699 -5.394143 14.984476 
v 18.753424 -5.444066 15.997523 
v 19.110974 15.241453 14.339759 
v 19.765347 15.155444 13.608506 
v 19.480500 14.968811 12.694554 
v 19.117357 14.782347 11.775082 
v 18.532791 14.573489 10.994436 
v 17.788038 14.407922 10.363469 
v 16.891645 14.140447 9.681536 
v 15.966184 13.801828 9.568999 
v 15.023398 13.562165 9.595106 
v 14.505043 12.850999 9.231070 
v 13.859309 12.141909 9.049415 
v 13.232978 11.380181 9.215183 
v 12.582468 10.491505 9.275631 
v 12.461777 9.547136 8.807496 
v 12.342343 8.775693 8.288204 
v 12.141052 8.006724 7.736445 
v 12.740205 7.672540 7.020954 
v 13.078901 6.980007 6.382839 
v 13.338254 6.116439 5.744895 
v 13.393399 5.132780 5.773109 
v 13.351426 4.177000 5.917567 
v 13.202712 3.433855 6.528433 
v 13.095714 2.636529 7.109325 
v 13.635869 1.839754 6.842070 
v 14.193099 1.025024 6.548733 
v 14.882326 0.289049 6.477412 
v 15.501447 -0.489112 6.553013 
v 16.170266 -1.221542 6.592685 
v 17.029005 -1.646078 6.668147 
v 17.985522 -1.877893 6.767157 
v 18.933126 -1.713013 7.039538 
v 19.367261 -2.170744 7.891660 
v 19.745987 -2.708099 8.662750 
v 20.053384 -3.293587 9.420058 
v 20.273451 -3.947833 10.147861 
v 20.336154 -4.718527 10.752370 
v 20.045538 -5.566660 11.109273 
v 19.346028 -5.804130 11.778865 
v 18.837422 -6.018922 12.605409 
v 18.617810 -6.171734 13.565497 
v 18.604596 -6.274718 14.558550 
v 18.635339 -6.360868 15.569981 
v 18.315038 15.770410 14.762957 
v 19.186726 16.198975 14.630889 
v 19.668325 16.130867 13.763381 
v 19.766248 15.926004 12.784105 
v 19.439438 15.726490 11.844775 
v 18.902505 15.502378 10.972601 
v 18.365348 15.329685 9.948913 
v 17.623113 14.883321 9.399451 
v 16.971223 14.535218 8.768615 
v 16.030910 14.560866 8.932487 
v 15.074211 14.274042 8.924278 
v 14.244388 13.732602 8.839484 
v 13.345285 13.066901 8.708695 
v 12.759992 12.235870 9.090336 
v 12.193259 11.503872 9.354296 
v 11.649181 10.727865 9.612902 
v 11.580940 9.969978 8.973399 
v 11.447755 9.218138 8.327644 
v 11.314373 8.554254 7.451553 
v 11.864322 8.011238 6.708326 
v 12.341704 7.527026 5.997217 
v 12.790192 6.970247 5.352476 
v 13.166637 6.283674 4.757367 
v 12.906922 5.338120 4.934204 
v 12.570378 4.279777 5.141233 
v 12.484767 3.463742 5.858262 
v 12.383240 2.663213 6.425455 
v 12.628965 1.755652 6.723833 
v 13.096837 0.915138 6.683784 
v 13.665895 0.186212 6.320256 
v 14.352139 0.183088 5.597222 
v 15.195690 -0.380306 5.628065 
v 15.915364 -1.065347 5.644966 
v 16.753518 -1.604565 5.694970 
v 17.712296 -1.861168 5.805927 
v 18.671109 -1.749515 6.043838 
v 19.644915 -1.744712 6.271167 
v 19.947000 -2.281301 7.097212 
v 20.278193 -2.862245 7.844761 
v 20.602271 -3.447904 8.590870 
v 20.868293 -4.062390 9.341030 
v 21.003270 -4.801097 10.012007 
v 21.030984 -5.772425 10.523375 
v 20.313410 -6.417213 10.688325 
v 19.750004 -6.646898 11.439609 
v 19.189625 -6.865596 12.229626 
v 18.824615 -7.042017 13.141298 
v 18.671132 -7.166851 14.119626 
v 18.620224 -7.273633 15.131422 
v 17.346543 15.511052 14.827927 
v 17.606342 16.469201 14.665531 
v 18.490917 16.905050 14.499507 
v 19.319036 17.067010 13.895589 
v 19.683403 16.914082 12.957052 
v 19.618411 16.708656 11.961760 
v 19.227795 16.493115 11.050764 
v 18.783905 16.248148 10.204674 
v 18.856280 15.928297 9.275505 
v 18.018943 15.630073 8.876795 
v 17.205572 15.403182 8.341119 
v 16.243159 15.137291 8.143384 
v 15.253068 14.923329 8.185064 
v 14.329290 14.462530 8.125254 
v 13.568515 13.818819 7.998279 
v 12.642802 13.530433 8.128242 
v 12.179664 12.994990 8.819671 
v 11.578685 12.245741 9.097972 
v 11.016658 11.445700 9.321997 
v 10.680296 10.497116 9.117947 
v 10.583078 9.652581 8.592713 
v 10.490982 8.907175 7.972917 
v 10.375361 8.610539 7.047826 
v 11.011101 8.355410 6.336676 
v 11.484356 7.860374 5.612381 
v 11.975624 7.345393 4.911388 
v 12.382737 6.682970 4.282536 
v 12.566019 5.705236 4.033951 
v 12.521195 4.726895 4.194326 
v 11.899737 4.009869 4.411000 
v 11.744704 3.447273 5.200441 
v 11.663992 2.611184 5.739643 
v 11.778234 1.718148 6.174887 
v 12.159344 0.798982 6.336154 
v 12.716069 0.015813 6.059200 
v 13.422873 -0.284169 5.399901 
v 13.993262 0.039998 4.657936 
v 14.964859 -0.170976 4.681980 
v 15.715180 -0.831910 4.695533 
v 16.541051 -1.403704 4.738669 
v 17.500282 -1.739432 4.825135 
v 18.515139 -1.735010 5.007762 
v 19.472484 -1.591073 5.268187 
v 20.401330 -1.721478 5.594543 
v 20.663211 -2.225868 6.402540 
v 20.924285 -2.903513 7.087083 
v 21.207955 -3.542919 7.801710 
v 21.500776 -4.153472 8.549915 
v 21.736298 -4.787697 9.290462 
v 21.839130 -5.510373 9.947379 
v 21.853624 -6.364806 10.429563 
v 21.127797 -6.984595 10.727951 
v 20.336800 -7.432597 11.185337 
v 19.674123 -7.673381 11.892131 
v 19.187566 -7.882476 12.740389 
v 18.902920 -8.038068 13.686898 
v 18.773514 -8.151677 14.675050 
v 18.682090 -8.115467 15.670203 
